0.000000 0.00000000
0.100000 0.00048741
0.200000 0.00097481
0.300000 0.00146222
0.400000 0.00194963
0.500000 0.00243704
0.600000 0.00292444
0.700000 0.00341185
0.800000 0.00389926
0.900000 0.00438667
1.000000 0.00487407
1.100000 0.00536148
1.200000 0.00584889
1.300000 0.00633629
1.400000 0.00682370
1.500000 0.00731111
1.600000 0.00779852
1.700000 0.00828592
1.800000 0.00877333
1.900000 0.00926074
2.000000 0.00974815
2.100000 0.01023555
2.200000 0.01072296
2.300000 0.01121037
2.400000 0.01169777
2.500000 0.01218518
2.600000 0.01267259
2.700000 0.01316000
2.800000 0.01364740
2.900000 0.01413481
3.000000 0.01462222
3.100000 0.01510962
3.200000 0.01559703
3.300000 0.01608444
3.400000 0.01657185
3.500000 0.01705925
3.600000 0.01754666
3.700000 0.01803407
3.800000 0.01852148
3.900000 0.01900888
4.000000 0.01949629
4.100000 0.01998370
4.200000 0.02047110
4.300000 0.02095851
4.400000 0.02144592
4.500000 0.02193333
4.600000 0.02242073
4.700000 0.02290814
4.800000 0.02339555
4.900000 0.02388296
5.000000 0.02437036
5.100000 0.02485777
5.200000 0.02534518
5.300000 0.02583258
5.400000 0.02631999
5.500000 0.02680740
5.600000 0.02729481
5.700000 0.02778221
5.800000 0.02826962
5.900000 0.02875703
6.000000 0.02924444
6.100000 0.02973184
6.200000 0.03021925
6.300000 0.03070666
6.400000 0.03119406
6.500000 0.03168147
6.600000 0.03216888
6.700000 0.03265629
6.800000 0.03314369
6.900000 0.03363110
7.000000 0.03411851
7.100000 0.03460591
7.200000 0.03509332
7.300000 0.03558073
7.400000 0.03606814
7.500000 0.03655554
7.600000 0.03704295
7.700000 0.03753036
7.800000 0.03801777
7.900000 0.03850517
8.000000 0.03899258
8.100000 0.03947999
8.200000 0.03996739
8.300000 0.04045480
8.400000 0.04094221
8.500000 0.04142962
8.600000 0.04191702
8.700000 0.04240443
8.800000 0.04289184
8.900000 0.04337925
9.000000 0.04386665
9.100000 0.04435406
9.200000 0.04484147
9.300000 0.04532887
9.400000 0.04581628
9.500000 0.04630369
9.600000 0.04679110
9.700000 0.04727850
9.800000 0.04776591
9.900000 0.04825332
10.000000 0.04874073
10.100000 0.04922813
10.200000 0.04971554
10.300000 0.05020295
10.400000 0.05069035
10.500000 0.05117776
10.600000 0.05166517
10.700000 0.05215258
10.800000 0.05263998
10.900000 0.05312739
11.000000 0.05361480
11.100000 0.05410220
11.200000 0.05458961
11.300000 0.05507702
11.400000 0.05556443
11.500000 0.05605183
11.600000 0.05653924
11.700000 0.05702665
11.800000 0.05751406
11.900000 0.05800146
12.000000 0.05848887
12.100000 0.05897628
12.200000 0.05946368
12.300000 0.05995109
12.400000 0.06043850
12.500000 0.06092591
12.600000 0.06141331
12.700000 0.06190072
12.800000 0.06238813
12.900000 0.06287554
13.000000 0.06336294
13.100000 0.06385035
13.200000 0.06433776
13.300000 0.06482516
13.400000 0.06531257
13.500000 0.06579998
13.600000 0.06628739
13.700000 0.06677479
13.800000 0.06726220
13.900000 0.06774961
14.000000 0.06823702
14.100000 0.06872442
14.200000 0.06921183
14.300000 0.06969924
14.400000 0.07018664
14.500000 0.07067405
14.600000 0.07116146
14.700000 0.07164887
14.800000 0.07213627
14.900000 0.07262368
15.000000 0.07311109
15.100000 0.07359849
15.200000 0.07408590
15.300000 0.07457331
15.400000 0.07506072
15.500000 0.07554812
15.600000 0.07603553
15.700000 0.07652294
15.800000 0.07701035
15.900000 0.07749775
16.000000 0.07798516
16.100000 0.07847257
16.200000 0.07895997
16.300000 0.07944738
16.400000 0.07993479
16.500000 0.08042220
16.600000 0.08090960
16.700000 0.08139701
16.800000 0.08188442
16.900000 0.08237183
17.000000 0.08285923
17.100000 0.08334664
17.200000 0.08383405
17.300000 0.08432145
17.400000 0.08480886
17.500000 0.08529627
17.600000 0.08578368
17.700000 0.08627108
17.800000 0.08675849
17.900000 0.08724590
18.000000 0.08773331
18.100000 0.08822071
18.200000 0.08870812
18.300000 0.08919553
18.400000 0.08968293
18.500000 0.09017034
18.600000 0.09065775
18.700000 0.09114516
18.800000 0.09163256
18.900000 0.09211997
19.000000 0.09260738
19.100000 0.09309478
19.200000 0.09358219
19.300000 0.09406960
19.400000 0.09455701
19.500000 0.09504441
19.600000 0.09553182
19.700000 0.09601923
19.800000 0.09650664
19.900000 0.09699404
20.000000 0.09748145
20.100000 0.09796886
20.200000 0.09845626
20.300000 0.09894367
20.400000 0.09943108
20.500000 0.09991849
20.600000 0.10040589
20.700000 0.10089330
20.800000 0.10138071
20.900000 0.10186812
21.000000 0.10235552
21.100000 0.10284293
21.200000 0.10333034
21.300000 0.10381774
21.400000 0.10430515
21.500000 0.10479256
21.600000 0.10527997
21.700000 0.10576737
21.800000 0.10625478
21.900000 0.10674219
22.000000 0.10722960
22.100000 0.10771700
22.200000 0.10820441
22.300000 0.10869182
22.400000 0.10860512
22.500000 0.10843194
22.600000 0.10825876
22.700000 0.10808558
22.800000 0.10791240
22.900000 0.10773922
23.000000 0.10756604
23.100000 0.10739287
23.200000 0.10721969
23.300000 0.10704651
23.400000 0.10687333
23.500000 0.10670015
23.600000 0.10652697
23.700000 0.10635379
23.800000 0.10618061
23.900000 0.10600743
24.000000 0.10583425
24.100000 0.10566107
24.200000 0.10548790
24.300000 0.10531472
24.400000 0.10514154
24.500000 0.10496836
24.600000 0.10479518
24.700000 0.10462200
24.800000 0.10444882
24.900000 0.10427564
25.000000 0.10410246
25.100000 0.10392928
25.200000 0.10375610
25.300000 0.10358293
25.400000 0.10340975
25.500000 0.10683466
25.600000 0.11181575
25.700000 0.11679684
25.800000 0.12177793
25.900000 0.12675902
26.000000 0.13174011
26.100000 0.13672120
26.200000 0.14170229
26.300000 0.14668338
26.400000 0.15166447
26.500000 0.15664555
26.600000 0.16162664
26.700000 0.16660773
26.800000 0.17158882
26.900000 0.17656991
27.000000 0.18155100
27.100000 0.18622692
27.200000 0.19056035
27.300000 0.19489377
27.400000 0.19922720
27.500000 0.20356062
27.600000 0.20789404
27.700000 0.21222747
27.800000 0.21656089
27.900000 0.22089432
28.000000 0.22522774
28.100000 0.22956116
28.200000 0.23389459
28.300000 0.23822801
28.400000 0.24256144
28.500000 0.24689486
28.600000 0.25122828
28.700000 0.25556171
28.800000 0.25989513
28.900000 0.26422855
29.000000 0.26856198
29.100000 0.27289540
29.200000 0.27722883
29.300000 0.28156225
29.400000 0.28589567
29.500000 0.29022910
29.600000 0.29456252
29.700000 0.29889595
29.800000 0.30322937
29.900000 0.30756279
30.000000 0.31189622
30.100000 0.31622964
30.200000 0.32056307
30.300000 0.32489649
30.400000 0.32922991
30.500000 0.33356334
30.600000 0.33789676
30.700000 0.34223018
30.800000 0.34656361
30.900000 0.35089703
31.000000 0.35523046
31.100000 0.35956388
31.200000 0.36389730
31.300000 0.36823073
31.400000 0.37256415
31.500000 0.37689758
31.600000 0.38123100
31.700000 0.38556442
31.800000 0.40428084
31.900000 0.44603680
32.000000 0.48779276
32.100000 0.52954872
32.200000 0.57130468
32.300000 0.61306064
32.400000 0.65481660
32.500000 0.69657256
32.600000 0.73832852
32.700000 0.78008448
32.800000 0.82184044
32.900000 0.86359640
33.000000 0.90535236
33.100000 0.94710832
33.200000 0.97166874
33.300000 0.95926108
33.400000 0.94685342
33.500000 0.93444576
33.600000 0.92203810
33.700000 0.90963044
33.800000 0.89722278
33.900000 0.88481512
34.000000 0.87240746
34.100000 0.85999980
34.200000 0.84759214
34.300000 0.83518448
34.400000 0.82277682
34.500000 0.81036916
34.600000 0.79796150
34.700000 0.78555384
34.800000 0.77314618
34.900000 0.76080082
35.000000 0.74856636
35.100000 0.73633190
35.200000 0.72409744
35.300000 0.71186298
35.400000 0.69962852
35.500000 0.68739406
35.600000 0.67515961
35.700000 0.66292515
35.800000 0.65069069
35.900000 0.63845623
36.000000 0.62622177
36.100000 0.62074506
36.200000 0.61583887
36.300000 0.60583241
36.400000 0.59341634
36.500000 0.58100027
36.600000 0.56858420
36.700000 0.55616813
36.800000 0.54375206
36.900000 0.53133599
37.000000 0.51891992
37.100000 0.50650385
37.200000 0.49408778
37.300000 0.48167171
37.400000 0.46925564
37.500000 0.45683956
37.600000 0.44442349
37.700000 0.43200742
37.800000 0.41959135
37.900000 0.40717528
38.000000 0.39475921
38.100000 0.38234314
38.200000 0.36992707
38.300000 0.35751100
38.400000 0.34509493
38.500000 0.33267886
38.600000 0.32026279
38.700000 0.30784672
38.800000 0.29543065
38.900000 0.28301458
39.000000 0.27059850
39.100000 0.25818243
39.200000 0.24576636
39.300000 0.23335029
39.400000 0.22093422
39.500000 0.20851815
39.600000 0.19610208
39.700000 0.18368601
39.800000 0.17126994
39.900000 0.15885387
40.000000 0.14643780
40.100000 0.13402173
40.200000 0.12160566
40.300000 0.10918959
40.400000 0.10560283
40.500000 0.10848965
40.600000 0.11137647
40.700000 0.11441212
40.800000 0.11753103
40.900000 0.12064994
41.000000 0.12376885
41.100000 0.12688776
41.200000 0.13000667
41.300000 0.13312558
41.400000 0.13624449
41.500000 0.13936341
41.600000 0.14248232
41.700000 0.14581160
41.800000 0.14930504
41.900000 0.15279849
42.000000 0.15629194
42.100000 0.15978538
42.200000 0.16327883
42.300000 0.16677228
42.400000 0.17026572
42.500000 0.17375917
42.600000 0.17725262
42.700000 0.18074606
42.800000 0.18423951
42.900000 0.18773296
43.000000 0.19122640
43.100000 0.19471985
43.200000 0.19821329
43.300000 0.20170674
43.400000 0.20520019
43.500000 0.20869363
43.600000 0.21218708
43.700000 0.21568053
43.800000 0.21917397
43.900000 0.22266742
44.000000 0.22616087
44.100000 0.22965431
44.200000 0.23314776
44.300000 0.23664121
44.400000 0.24013465
44.500000 0.24362810
44.600000 0.24712155
44.700000 0.25061499
44.800000 0.25410844
44.900000 0.25760189
45.000000 0.26109533
45.100000 0.26458878
45.200000 0.26808223
45.300000 0.27157567
45.400000 0.27506912
45.500000 0.27856256
45.600000 0.27691711
45.700000 0.27268150
45.800000 0.26844588
45.900000 0.26421027
46.000000 0.25997465
46.100000 0.25573904
46.200000 0.25150342
46.300000 0.24726781
46.400000 0.24303219
46.500000 0.23879657
46.600000 0.23456096
46.700000 0.23032534
46.800000 0.22608973
46.900000 0.22185411
47.000000 0.21761850
47.100000 0.21338288
47.200000 0.20914727
47.300000 0.20491165
47.400000 0.20067604
47.500000 0.19644042
47.600000 0.19220481
47.700000 0.18796919
47.800000 0.18373357
47.900000 0.17949796
48.000000 0.17526234
48.100000 0.17102673
48.200000 0.16679111
48.300000 0.16255550
48.400000 0.15831988
48.500000 0.15408427
48.600000 0.14984865
48.700000 0.14561304
48.800000 0.14137742
48.900000 0.13714180
49.000000 0.13290619
49.100000 0.12867057
49.200000 0.12443496
49.300000 0.12019934
49.400000 0.11596373
49.500000 0.11172811
49.600000 0.10749250
49.700000 0.10920064
49.800000 0.11296359
49.900000 0.11672655
50.000000 0.12048951
50.100000 0.12425246
50.200000 0.12801542
50.300000 0.13177838
50.400000 0.13554134
50.500000 0.13930429
50.600000 0.14306725
50.700000 0.14683021
50.800000 0.15059316
50.900000 0.15435612
51.000000 0.15811908
51.100000 0.16188204
51.200000 0.16564499
51.300000 0.16940795
51.400000 0.17317091
51.500000 0.17693386
51.600000 0.18069682
51.700000 0.18445978
51.800000 0.18822273
51.900000 0.19198569
52.000000 0.19574865
52.100000 0.19947063
52.200000 0.20318957
52.300000 0.20690851
52.400000 0.21062745
52.500000 0.21434639
52.600000 0.21806533
52.700000 0.22178427
52.800000 0.22550321
52.900000 0.22922214
53.000000 0.23294108
53.100000 0.23666002
53.200000 0.24037896
53.300000 0.24409790
53.400000 0.24781684
53.500000 0.25153578
53.600000 0.25525472
53.700000 0.25897366
53.800000 0.26269260
53.900000 0.26641154
54.000000 0.27013048
54.100000 0.27384942
54.200000 0.27756836
54.300000 0.28128730
54.400000 0.28500624
54.500000 0.28872518
54.600000 0.29244412
54.700000 0.29616306
54.800000 0.29988200
54.900000 0.30360094
55.000000 0.30692532
55.100000 0.30901330
55.200000 0.31110128
55.300000 0.31318927
55.400000 0.31527725
55.500000 0.31736523
55.600000 0.31945321
55.700000 0.32154120
55.800000 0.32390173
55.900000 0.32747356
56.000000 0.33104539
56.100000 0.33461721
56.200000 0.33818904
56.300000 0.34176086
56.400000 0.34533269
56.500000 0.34890451
56.600000 0.35247634
56.700000 0.35604817
56.800000 0.35961999
56.900000 0.36319182
57.000000 0.36676364
57.100000 0.37033547
57.200000 0.37390730
57.300000 0.37747912
57.400000 0.38105095
57.500000 0.38220768
57.600000 0.37210499
57.700000 0.36200230
57.800000 0.35189960
57.900000 0.34179691
58.000000 0.33169422
58.100000 0.32159153
58.200000 0.31148884
58.300000 0.30138614
58.400000 0.29128345
58.500000 0.28118076
58.600000 0.27107807
58.700000 0.26097538
58.800000 0.25087268
58.900000 0.24076999
59.000000 0.23066730
59.100000 0.22056461
59.200000 0.21046192
59.300000 0.20035922
59.400000 0.19025653
59.500000 0.18016611
59.600000 0.17008341
59.700000 0.16000070
59.800000 0.14991800
59.900000 0.13983529
60.000000 0.12975259
60.100000 0.11966988
60.200000 0.11622259
60.300000 0.11570388
60.400000 0.11518517
60.500000 0.11466646
60.600000 0.11414776
60.700000 0.11362905
60.800000 0.11311034
60.900000 0.11259163
61.000000 0.11207292
61.100000 0.11155421
61.200000 0.11103551
61.300000 0.11051680
61.400000 0.10999809
61.500000 0.10947938
61.600000 0.10896067
61.700000 0.10844196
61.800000 0.10798679
61.900000 0.10764395
62.000000 0.10730111
62.100000 0.10695827
62.200000 0.10661543
62.300000 0.10627259
62.400000 0.10592975
62.500000 0.10558691
62.600000 0.10524407
62.700000 0.10490123
62.800000 0.10455839
62.900000 0.10421555
63.000000 0.10387271
63.100000 0.10352987
63.200000 0.10318703
63.300000 0.10284419
63.400000 0.10250135
63.500000 0.10215851
63.600000 0.10181567
63.700000 0.10147283
63.800000 0.10112999
63.900000 0.10078715
64.000000 0.10044140
64.100000 0.09977184
64.200000 0.09910229
64.300000 0.09843274
64.400000 0.09776318
64.500000 0.09709363
64.600000 0.09642408
64.700000 0.09575452
64.800000 0.09508497
64.900000 0.09441542
65.000000 0.09374586
65.100000 0.09307631
65.200000 0.09240676
65.300000 0.09173720
65.400000 0.09106765
65.500000 0.09039810
65.600000 0.08972854
65.700000 0.08905899
65.800000 0.08838944
65.900000 0.08771988
66.000000 0.08705033
66.100000 0.08638078
66.200000 0.08571122
66.300000 0.08504167
66.400000 0.08509872
66.500000 0.08625924
66.600000 0.08747994
66.700000 0.08900843
66.800000 0.09053691
66.900000 0.09206539
67.000000 0.09359387
67.100000 0.09512236
67.200000 0.09665084
67.300000 0.09817932
67.400000 0.09970781
67.500000 0.10123629
67.600000 0.10276477
67.700000 0.10429325
67.800000 0.10582174
67.900000 0.10735022
68.000000 0.10887870
68.100000 0.11040719
68.200000 0.11193567
68.300000 0.11346415
68.400000 0.11499264
68.500000 0.11652112
68.600000 0.11804960
68.700000 0.11950446
68.800000 0.12076226
68.900000 0.12202007
69.000000 0.12327788
69.100000 0.12453569
69.200000 0.12579350
69.300000 0.12705130
69.400000 0.12830911
69.500000 0.12956692
69.600000 0.13082473
69.700000 0.13012733
69.800000 0.12898784
69.900000 0.12784834
70.000000 0.12670885
70.100000 0.12556935
70.200000 0.12442986
70.300000 0.12329036
70.400000 0.12215087
70.500000 0.12101137
70.600000 0.11987188
70.700000 0.11873238
70.800000 0.11759289
70.900000 0.11645339
71.000000 0.11531390
71.100000 0.11417441
71.200000 0.11303491
71.300000 0.11189542
71.400000 0.11075592
71.500000 0.10961643
71.600000 0.10847693
71.700000 0.10733744
71.800000 0.10619794
71.900000 0.10505845
72.000000 0.10391895
72.100000 0.10277946
72.200000 0.10163996
72.300000 0.10050047
72.400000 0.09936098
72.500000 0.09822148
72.600000 0.09708199
72.700000 0.09594249
72.800000 0.09480300
72.900000 0.09366350
73.000000 0.09252401
73.100000 0.09138451
73.200000 0.09024502
73.300000 0.08910552
73.400000 0.08796603
73.500000 0.08682653
73.600000 0.08568704
73.700000 0.08462731
73.800000 0.08358484
73.900000 0.08254237
74.000000 0.08149990
74.100000 0.08045743
74.200000 0.07941497
74.300000 0.07837250
74.400000 0.07733003
74.500000 0.07628756
74.600000 0.07524509
74.700000 0.07420263
74.800000 0.07316016
74.900000 0.07211769
75.000000 0.07107522
75.100000 0.07003275
75.200000 0.06899029
75.300000 0.06794782
75.400000 0.06690535
75.500000 0.06748173
75.600000 0.06965737
75.700000 0.07183301
75.800000 0.07400865
75.900000 0.07618429
76.000000 0.07835993
76.100000 0.08053557
76.200000 0.08271121
76.300000 0.08302677
76.400000 0.08260337
76.500000 0.08217997
76.600000 0.08175657
76.700000 0.08133317
76.800000 0.08090977
76.900000 0.08048637
77.000000 0.08006297
77.100000 0.07963957
77.200000 0.07921617
77.300000 0.07879277
77.400000 0.07836937
77.500000 0.07794597
77.600000 0.07752257
77.700000 0.07709917
77.800000 0.07667577
77.900000 0.07625237
78.000000 0.07582897
78.100000 0.07540557
78.200000 0.07498217
78.300000 0.07455876
78.400000 0.07413536
78.500000 0.07371196
78.600000 0.07328856
78.700000 0.07286516
78.800000 0.07244176
78.900000 0.07201836
79.000000 0.07159496
79.100000 0.07117156
79.200000 0.07074816
79.300000 0.07032476
79.400000 0.06990136
79.500000 0.06947796
79.600000 0.06905456
79.700000 0.06863116
79.800000 0.06820776
79.900000 0.06778436
80.000000 0.06736096
80.100000 0.06693756
80.200000 0.06651416
80.300000 0.06609076
80.400000 0.06566736
80.500000 0.06524396
80.600000 0.06482056
80.700000 0.06439716
80.800000 0.06397376
80.900000 0.06355036
81.000000 0.06312696
81.100000 0.06270356
81.200000 0.06228016
81.300000 0.06185676
81.400000 0.06143336
81.500000 0.06100996
81.600000 0.06058656
81.700000 0.06016316
81.800000 0.05973976
81.900000 0.05931636
82.000000 0.05889296
82.100000 0.05846956
82.200000 0.05804616
82.300000 0.05762276
82.400000 0.05735037
82.500000 0.05763696
82.600000 0.05792354
82.700000 0.05821012
82.800000 0.05849670
82.900000 0.05878328
83.000000 0.05906963
83.100000 0.05935545
83.200000 0.05964127
83.300000 0.05992709
83.400000 0.06021291
83.500000 0.06049873
83.600000 0.06078454
83.700000 0.06107036
83.800000 0.06135618
83.900000 0.06164200
84.000000 0.06192782
84.100000 0.06221364
84.200000 0.06249946
84.300000 0.06278528
84.400000 0.06307110
84.500000 0.06335692
84.600000 0.06364273
84.700000 0.06392855
84.800000 0.06421437
84.900000 0.06450019
85.000000 0.06478601
85.100000 0.06507183
85.200000 0.06535765
85.300000 0.06564347
85.400000 0.06592929
85.500000 0.06621510
85.600000 0.06650092
85.700000 0.06678674
85.800000 0.06707256
85.900000 0.06735838
86.000000 0.06764420
86.100000 0.06793002
86.200000 0.06821584
86.300000 0.06850166
86.400000 0.06878747
86.500000 0.06907329
86.600000 0.06935911
86.700000 0.06964493
86.800000 0.06993075
86.900000 0.07021657
87.000000 0.07050239
87.100000 0.07078821
87.200000 0.07107403
87.300000 0.07160535
87.400000 0.07214965
87.500000 0.07269395
87.600000 0.07325521
87.700000 0.07385840
87.800000 0.07446160
87.900000 0.07506480
88.000000 0.07563094
88.100000 0.07611775
88.200000 0.07660457
88.300000 0.07709139
88.400000 0.07757821
88.500000 0.07806503
88.600000 0.07855185
88.700000 0.07903867
88.800000 0.07952549
88.900000 0.08001231
89.000000 0.08049913
89.100000 0.08098595
89.200000 0.08147276
89.300000 0.08195958
89.400000 0.08244640
89.500000 0.08293322
89.600000 0.08342004
89.700000 0.08390686
89.800000 0.08439368
89.900000 0.08488050
90.000000 0.08536732
90.100000 0.08585414
90.200000 0.08634096
90.300000 0.08682777
90.400000 0.08731459
90.500000 0.08780141
90.600000 0.08828823
90.700000 0.08896895
90.800000 0.08970153
90.900000 0.09043412
91.000000 0.09116671
91.100000 0.09181236
91.200000 0.09234670
91.300000 0.09288104
91.400000 0.09341538
91.500000 0.09394972
91.600000 0.09448406
91.700000 0.09501840
91.800000 0.09555274
91.900000 0.09608708
92.000000 0.09662142
92.100000 0.09715576
92.200000 0.09769010
92.300000 0.09822444
92.400000 0.09875878
92.500000 0.09929312
92.600000 0.09982746
92.700000 0.10036180
92.800000 0.10089614
92.900000 0.10143048
93.000000 0.10196482
93.100000 0.10249916
93.200000 0.10303350
93.300000 0.10356784
93.400000 0.10410218
93.500000 0.10463652
93.600000 0.10373084
93.700000 0.10238480
93.800000 0.10103876
93.900000 0.09969272
94.000000 0.09834668
94.100000 0.09700064
94.200000 0.09565460
94.300000 0.09430856
94.400000 0.09296252
94.500000 0.09161648
94.600000 0.09027044
94.700000 0.08892440
94.800000 0.08757836
94.900000 0.08623232
95.000000 0.08488628
95.100000 0.08354024
95.200000 0.08219420
95.300000 0.08084816
95.400000 0.07950211
95.500000 0.07815607
95.600000 0.07681003
95.700000 0.07546399
95.800000 0.07417400
95.900000 0.07433456
96.000000 0.07449511
96.100000 0.07465567
96.200000 0.07481622
96.300000 0.07497677
96.400000 0.07513733
96.500000 0.07529788
96.600000 0.07545843
96.700000 0.07561899
96.800000 0.07577954
96.900000 0.07594009
97.000000 0.07610065
97.100000 0.07626120
97.200000 0.07642175
97.300000 0.07658231
97.400000 0.07674286
97.500000 0.07690342
97.600000 0.07706397
97.700000 0.07722452
97.800000 0.07738508
97.900000 0.07754563
98.000000 0.07770618
98.100000 0.07786674
98.200000 0.07802729
98.300000 0.07818784
98.400000 0.07834840
98.500000 0.07850895
98.600000 0.07866950
98.700000 0.07883006
98.800000 0.07899061
98.900000 0.07915117
99.000000 0.07931172
99.100000 0.07947227
99.200000 0.07963283
99.300000 0.07979338
99.400000 0.07995393
99.500000 0.08011449
99.600000 0.08027504
99.700000 0.08038043
99.800000 0.08048187
99.900000 0.08058332
100.000000 0.08068476
100.100000 0.08078620
100.200000 0.08088765
100.300000 0.08098909
100.400000 0.08109053
100.500000 0.08119198
100.600000 0.08129342
100.700000 0.08139486
100.800000 0.08149631
100.900000 0.08159775
101.000000 0.08169919
101.100000 0.08180064
101.200000 0.08190208
101.300000 0.08200352
101.400000 0.08210497
101.500000 0.08220641
101.600000 0.08230785
101.700000 0.08240930
101.800000 0.08251074
101.900000 0.08261218
102.000000 0.08271363
102.100000 0.08281507
102.200000 0.08291651
102.300000 0.08301796
102.400000 0.08311940
102.500000 0.08322084
102.600000 0.08332229
102.700000 0.08342373
102.800000 0.08352517
102.900000 0.08362662
103.000000 0.08372806
103.100000 0.08382950
103.200000 0.08393095
103.300000 0.08403239
103.400000 0.08413383
103.500000 0.08423528
103.600000 0.08433672
103.700000 0.08443816
103.800000 0.08453961
103.900000 0.08464105
104.000000 0.08474249
104.100000 0.08484394
104.200000 0.08494538
104.300000 0.08504682
104.400000 0.08514827
104.500000 0.08524971
104.600000 0.08535115
104.700000 0.08545260
104.800000 0.08555404
104.900000 0.08565548
105.000000 0.08575693
105.100000 0.08585837
105.200000 0.08595981
105.300000 0.08606126
105.400000 0.08616270
105.500000 0.08626414
105.600000 0.08636559
105.700000 0.08646703
105.800000 0.08656847
105.900000 0.08666992
106.000000 0.08677136
106.100000 0.08687280
106.200000 0.08697425
106.300000 0.08707569
106.400000 0.08717713
106.500000 0.08727858
106.600000 0.08738002
106.700000 0.08748146
106.800000 0.08758291
106.900000 0.08768435
107.000000 0.08778579
107.100000 0.08788724
107.200000 0.08798868
107.300000 0.08809012
107.400000 0.08819157
107.500000 0.08829301
107.600000 0.08839445
107.700000 0.08849590
107.800000 0.08859734
107.900000 0.08869878
108.000000 0.08880023
108.100000 0.08890167
108.200000 0.08900311
108.300000 0.08910456
108.400000 0.08920600
108.500000 0.08930744
108.600000 0.08940889
108.700000 0.08951033
108.800000 0.08961177
108.900000 0.08971322
109.000000 0.08981466
109.100000 0.08991610
109.200000 0.09001755
109.300000 0.09011899
109.400000 0.09022043
109.500000 0.09032188
109.600000 0.09042332
109.700000 0.09052476
109.800000 0.09062621
109.900000 0.09072765
110.000000 0.09082909
110.100000 0.09093054
110.200000 0.09103198
110.300000 0.09113342
110.400000 0.09123487
110.500000 0.09133631
110.600000 0.09143775
110.700000 0.09153920
110.800000 0.09164064
110.900000 0.09174208
111.000000 0.09184353
111.100000 0.09194497
111.200000 0.09186684
111.300000 0.09152550
111.400000 0.09118416
111.500000 0.09084282
111.600000 0.09050149
111.700000 0.09016015
111.800000 0.08981881
111.900000 0.08947748
112.000000 0.08913614
112.100000 0.08879480
112.200000 0.08845346
112.300000 0.08811213
112.400000 0.08777079
112.500000 0.08742945
112.600000 0.08708811
112.700000 0.08674678
112.800000 0.08640544
112.900000 0.08606410
113.000000 0.08572277
113.100000 0.08538143
113.200000 0.08504009
113.300000 0.08469875
113.400000 0.08435742
113.500000 0.08401608
113.600000 0.08367474
113.700000 0.08333340
113.800000 0.08299207
113.900000 0.08265073
114.000000 0.08230939
114.100000 0.08196806
114.200000 0.08162672
114.300000 0.08128538
114.400000 0.08094404
114.500000 0.08060271
114.600000 0.08026137
114.700000 0.07992003
114.800000 0.07957869
114.900000 0.07923736
115.000000 0.07889602
115.100000 0.07855468
115.200000 0.07821335
115.300000 0.07787201
115.400000 0.07753067
115.500000 0.07718933
115.600000 0.07684800
115.700000 0.07650666
115.800000 0.07616532
115.900000 0.07582398
116.000000 0.07548594
116.100000 0.07517897
116.200000 0.07487199
116.300000 0.07456502
116.400000 0.07425804
116.500000 0.07395106
116.600000 0.07364409
116.700000 0.07333711
116.800000 0.07303014
116.900000 0.07272316
117.000000 0.07241618
117.100000 0.07210921
117.200000 0.07180223
117.300000 0.07149526
117.400000 0.07118828
117.500000 0.07088130
117.600000 0.07057433
117.700000 0.07026735
117.800000 0.06996038
117.900000 0.06965340
118.000000 0.06934642
118.100000 0.06903945
118.200000 0.06873247
118.300000 0.06842550
118.400000 0.06811852
118.500000 0.06781154
118.600000 0.06750457
118.700000 0.06712591
118.800000 0.06651282
118.900000 0.06589974
119.000000 0.06528665
119.100000 0.06467357
119.200000 0.06406048
119.300000 0.06344740
119.400000 0.06283431
119.500000 0.06222123
119.600000 0.06160815
119.700000 0.06099506
119.800000 0.06038198
119.900000 0.03699233
