0.000000 0.00000000
0.100000 0.00251875
0.200000 0.00503750
0.300000 0.00755626
0.400000 0.01007501
0.500000 0.01259376
0.600000 0.01511251
0.700000 0.01763127
0.800000 0.02015002
0.900000 0.02266877
1.000000 0.02518752
1.100000 0.02770628
1.200000 0.03022503
1.300000 0.03274378
1.400000 0.03526253
1.500000 0.03778129
1.600000 0.04030004
1.700000 0.04281879
1.800000 0.04533754
1.900000 0.04785630
2.000000 0.05037505
2.100000 0.05289380
2.200000 0.05541255
2.300000 0.05793130
2.400000 0.06045006
2.500000 0.06296881
2.600000 0.06548756
2.700000 0.06800631
2.800000 0.07052507
2.900000 0.07304382
3.000000 0.07556257
3.100000 0.07808132
3.200000 0.08060008
3.300000 0.08311883
3.400000 0.08563758
3.500000 0.08815633
3.600000 0.09067509
3.700000 0.09319384
3.800000 0.09571259
3.900000 0.09823134
4.000000 0.10075010
4.100000 0.10326885
4.200000 0.10578760
4.300000 0.10830635
4.400000 0.11082510
4.500000 0.11334386
4.600000 0.11586261
4.700000 0.11838136
4.800000 0.12090011
4.900000 0.12341887
5.000000 0.12593762
5.100000 0.12845637
5.200000 0.13097512
5.300000 0.13349388
5.400000 0.13601263
5.500000 0.13853138
5.600000 0.14105013
5.700000 0.14356889
5.800000 0.14608764
5.900000 0.14860639
6.000000 0.15112514
6.100000 0.15364390
6.200000 0.15616265
6.300000 0.15868140
6.400000 0.16120015
6.500000 0.16371890
6.600000 0.16623766
6.700000 0.16875641
6.800000 0.17127516
6.900000 0.17379391
7.000000 0.17631267
7.100000 0.17883142
7.200000 0.18135017
7.300000 0.18386892
7.400000 0.18638768
7.500000 0.18890643
7.600000 0.19142518
7.700000 0.19394393
7.800000 0.19646269
7.900000 0.19898144
8.000000 0.20150019
8.100000 0.20401894
8.200000 0.20653770
8.300000 0.20905645
8.400000 0.21157520
8.500000 0.21409395
8.600000 0.21661270
8.700000 0.21913146
8.800000 0.22165021
8.900000 0.22416896
9.000000 0.22668771
9.100000 0.22920647
9.200000 0.23172522
9.300000 0.23424397
9.400000 0.23676272
9.500000 0.23928148
9.600000 0.24180023
9.700000 0.24431898
9.800000 0.24683773
9.900000 0.24935649
10.000000 0.25187524
10.100000 0.25439399
10.200000 0.25691274
10.300000 0.25943150
10.400000 0.26195025
10.500000 0.26446900
10.600000 0.26698775
10.700000 0.26950650
10.800000 0.27202526
10.900000 0.27454401
11.000000 0.27706276
11.100000 0.27958151
11.200000 0.28210027
11.300000 0.28461902
11.400000 0.28713777
11.500000 0.28965652
11.600000 0.29217528
11.700000 0.29469403
11.800000 0.29721278
11.900000 0.29973153
12.000000 0.30225029
12.100000 0.30476904
12.200000 0.30728779
12.300000 0.30980654
12.400000 0.31232529
12.500000 0.31484405
12.600000 0.31736280
12.700000 0.31988155
12.800000 0.32240030
12.900000 0.32491906
13.000000 0.32743781
13.100000 0.32995656
13.200000 0.33247531
13.300000 0.33499407
13.400000 0.33751282
13.500000 0.34003157
13.600000 0.34255032
13.700000 0.34506908
13.800000 0.34758783
13.900000 0.35010658
14.000000 0.35262533
14.100000 0.35514409
14.200000 0.35766284
14.300000 0.36018159
14.400000 0.36270034
14.500000 0.36521909
14.600000 0.36773785
14.700000 0.37025660
14.800000 0.37277535
14.900000 0.37529410
15.000000 0.37781286
15.100000 0.38033161
15.200000 0.38285036
15.300000 0.38536911
15.400000 0.38788787
15.500000 0.39040662
15.600000 0.39292537
15.700000 0.39544412
15.800000 0.39796288
15.900000 0.40048163
16.000000 0.40300038
16.100000 0.40551913
16.200000 0.40803789
16.300000 0.41055664
16.400000 0.41307539
16.500000 0.41559414
16.600000 0.41811289
16.700000 0.42063165
16.800000 0.42315040
16.900000 0.42566915
17.000000 0.42818790
17.100000 0.43070666
17.200000 0.43322541
17.300000 0.43574416
17.400000 0.43826291
17.500000 0.44078167
17.600000 0.44330042
17.700000 0.44581917
17.800000 0.44833792
17.900000 0.45085668
18.000000 0.45337543
18.100000 0.45589418
18.200000 0.45841293
18.300000 0.46093169
18.400000 0.46345044
18.500000 0.46596919
18.600000 0.46848794
18.700000 0.47100669
18.800000 0.47352545
18.900000 0.47604420
19.000000 0.47856295
19.100000 0.48108170
19.200000 0.48360046
19.300000 0.48611921
19.400000 0.48863796
19.500000 0.49115671
19.600000 0.49367547
19.700000 0.49619422
19.800000 0.49871297
19.900000 0.50123172
20.000000 0.50375048
20.100000 0.50626923
20.200000 0.50878798
20.300000 0.51130673
20.400000 0.51382549
20.500000 0.51634424
20.600000 0.51886299
20.700000 0.52138174
20.800000 0.52390049
20.900000 0.52641925
21.000000 0.52893800
21.100000 0.53145675
21.200000 0.53397550
21.300000 0.53649426
21.400000 0.53901301
21.500000 0.54153176
21.600000 0.54405051
21.700000 0.54656927
21.800000 0.54908802
21.900000 0.55160677
22.000000 0.55412552
22.100000 0.55664428
22.200000 0.55916303
22.300000 0.56168178
22.400000 0.56398902
22.500000 0.56626440
22.600000 0.56853978
22.700000 0.57081516
22.800000 0.57309053
22.900000 0.57536591
23.000000 0.57764129
23.100000 0.57991667
23.200000 0.58219205
23.300000 0.58446743
23.400000 0.58674281
23.500000 0.58901818
23.600000 0.59129356
23.700000 0.59356894
23.800000 0.59584432
23.900000 0.59811970
24.000000 0.60039508
24.100000 0.60267045
24.200000 0.60494583
24.300000 0.60722121
24.400000 0.60949659
24.500000 0.61177197
24.600000 0.61404735
24.700000 0.61632273
24.800000 0.61859810
24.900000 0.62087348
25.000000 0.62314886
25.100000 0.62542424
25.200000 0.62769962
25.300000 0.62997500
25.400000 0.63225037
25.500000 0.63585137
25.600000 0.64002569
25.700000 0.64420001
25.800000 0.64837433
25.900000 0.65254865
26.000000 0.65672296
26.100000 0.66089728
26.200000 0.66507160
26.300000 0.66924592
26.400000 0.67342024
26.500000 0.67759456
26.600000 0.68176888
26.700000 0.68594320
26.800000 0.69011752
26.900000 0.69429184
27.000000 0.69846616
27.100000 0.69867334
27.200000 0.69442801
27.300000 0.69018269
27.400000 0.68593736
27.500000 0.68169203
27.600000 0.67744670
27.700000 0.67320137
27.800000 0.66895605
27.900000 0.66471072
28.000000 0.66046539
28.100000 0.65622006
28.200000 0.65197474
28.300000 0.64772941
28.400000 0.64348408
28.500000 0.63923875
28.600000 0.63499343
28.700000 0.63074810
28.800000 0.62650277
28.900000 0.62225744
29.000000 0.61801212
29.100000 0.61376679
29.200000 0.60952146
29.300000 0.60527613
29.400000 0.60103080
29.500000 0.59678548
29.600000 0.59254015
29.700000 0.58829482
29.800000 0.58404949
29.900000 0.57980417
30.000000 0.57555884
30.100000 0.57131351
30.200000 0.56706818
30.300000 0.56282286
30.400000 0.55857753
30.500000 0.55433220
30.600000 0.55008687
30.700000 0.54584154
30.800000 0.54159622
30.900000 0.53735089
31.000000 0.53310556
31.100000 0.52886023
31.200000 0.52461491
31.300000 0.52036958
31.400000 0.51612425
31.500000 0.51187892
31.600000 0.50763360
31.700000 0.50338827
31.800000 0.50444194
31.900000 0.51398386
32.000000 0.52352578
32.100000 0.53306770
32.200000 0.54260963
32.300000 0.55215155
32.400000 0.56169347
32.500000 0.57123540
32.600000 0.58077732
32.700000 0.59031924
32.800000 0.59986116
32.900000 0.60940309
33.000000 0.61894501
33.100000 0.62848693
33.200000 0.63169365
33.300000 0.62128056
33.400000 0.61086746
33.500000 0.60045437
33.600000 0.59004127
33.700000 0.57962818
33.800000 0.56921508
33.900000 0.55880199
34.000000 0.54838889
34.100000 0.53797580
34.200000 0.52756270
34.300000 0.51714960
34.400000 0.50673651
34.500000 0.49632341
34.600000 0.48591032
34.700000 0.47549722
34.800000 0.46508413
34.900000 0.45548088
35.000000 0.44731941
35.100000 0.43915793
35.200000 0.43099646
35.300000 0.42283499
35.400000 0.41467351
35.500000 0.40651204
35.600000 0.39835056
35.700000 0.39018909
35.800000 0.38202761
35.900000 0.37386614
36.000000 0.36570467
36.100000 0.44539390
36.200000 0.53249995
36.300000 0.55330246
36.400000 0.54278003
36.500000 0.53225759
36.600000 0.52173516
36.700000 0.51121273
36.800000 0.50069030
36.900000 0.49016787
37.000000 0.47964543
37.100000 0.46912300
37.200000 0.45860057
37.300000 0.44807814
37.400000 0.43755571
37.500000 0.42703328
37.600000 0.41651084
37.700000 0.40598841
37.800000 0.39546598
37.900000 0.38494355
38.000000 0.37442112
38.100000 0.36389869
38.200000 0.35337625
38.300000 0.34285382
38.400000 0.33233139
38.500000 0.32180896
38.600000 0.31128653
38.700000 0.30076409
38.800000 0.29024166
38.900000 0.27971923
39.000000 0.26919680
39.100000 0.25867437
39.200000 0.24815194
39.300000 0.23762950
39.400000 0.22710707
39.500000 0.21658464
39.600000 0.20606221
39.700000 0.19553978
39.800000 0.18501735
39.900000 0.17449491
40.000000 0.16397248
40.100000 0.15345005
40.200000 0.14292762
40.300000 0.13240519
40.400000 0.12513566
40.500000 0.12025113
40.600000 0.11536661
40.700000 0.11241695
40.800000 0.11054961
40.900000 0.10868226
41.000000 0.10681491
41.100000 0.10494756
41.200000 0.10308022
41.300000 0.10121287
41.400000 0.09934552
41.500000 0.09747817
41.600000 0.09561083
41.700000 0.09647830
41.800000 0.09947992
41.900000 0.10248154
42.000000 0.10548317
42.100000 0.10848479
42.200000 0.11148641
42.300000 0.11448803
42.400000 0.11748965
42.500000 0.12049128
42.600000 0.12349290
42.700000 0.12649452
42.800000 0.12949614
42.900000 0.13249776
43.000000 0.13549939
43.100000 0.13850101
43.200000 0.14150263
43.300000 0.14450425
43.400000 0.14750587
43.500000 0.15050750
43.600000 0.15350912
43.700000 0.15651074
43.800000 0.15951236
43.900000 0.16251398
44.000000 0.16551561
44.100000 0.16851723
44.200000 0.17151885
44.300000 0.17452047
44.400000 0.17752209
44.500000 0.18052372
44.600000 0.18352534
44.700000 0.18652696
44.800000 0.18952858
44.900000 0.19253020
45.000000 0.19553183
45.100000 0.19853345
45.200000 0.20153507
45.300000 0.20453669
45.400000 0.20753831
45.500000 0.21053994
45.600000 0.21164828
45.700000 0.21180235
45.800000 0.21195643
45.900000 0.21211050
46.000000 0.21226457
46.100000 0.21241864
46.200000 0.21257272
46.300000 0.21272679
46.400000 0.21288086
46.500000 0.21303494
46.600000 0.21318901
46.700000 0.21334308
46.800000 0.21349716
46.900000 0.21365123
47.000000 0.21380530
47.100000 0.21395937
47.200000 0.21411345
47.300000 0.21426752
47.400000 0.21442159
47.500000 0.21457567
47.600000 0.21472974
47.700000 0.21488381
47.800000 0.21503788
47.900000 0.21519196
48.000000 0.21534603
48.100000 0.21550010
48.200000 0.21565418
48.300000 0.21580825
48.400000 0.21596232
48.500000 0.21611639
48.600000 0.21627047
48.700000 0.21642454
48.800000 0.21657861
48.900000 0.21673269
49.000000 0.21688676
49.100000 0.21704083
49.200000 0.21719490
49.300000 0.21734898
49.400000 0.21750305
49.500000 0.21765712
49.600000 0.21781120
49.700000 0.22015507
49.800000 0.22325599
49.900000 0.22635690
50.000000 0.22945782
50.100000 0.23255873
50.200000 0.23565965
50.300000 0.23876056
50.400000 0.24186148
50.500000 0.24496240
50.600000 0.24806331
50.700000 0.25116423
50.800000 0.25426514
50.900000 0.25736606
51.000000 0.26046697
51.100000 0.26356789
51.200000 0.26666880
51.300000 0.26976972
51.400000 0.27287063
51.500000 0.27597155
51.600000 0.27907246
51.700000 0.28217338
51.800000 0.28527430
51.900000 0.28837521
52.000000 0.29147613
52.100000 0.29404430
52.200000 0.29657300
52.300000 0.29910169
52.400000 0.30163038
52.500000 0.30415907
52.600000 0.30668776
52.700000 0.30921646
52.800000 0.31174515
52.900000 0.31427384
53.000000 0.31680253
53.100000 0.31933122
53.200000 0.32185992
53.300000 0.32438861
53.400000 0.32691730
53.500000 0.32944599
53.600000 0.33197468
53.700000 0.33450338
53.800000 0.33703207
53.900000 0.33956076
54.000000 0.34208945
54.100000 0.34461814
54.200000 0.34714684
54.300000 0.34967553
54.400000 0.35220422
54.500000 0.35473291
54.600000 0.35726160
54.700000 0.35979030
54.800000 0.36231899
54.900000 0.36484768
55.000000 0.36224706
55.100000 0.34357330
55.200000 0.32489955
55.300000 0.30622580
55.400000 0.28755205
55.500000 0.26887830
55.600000 0.25020454
55.700000 0.23153079
55.800000 0.21640023
55.900000 0.21701644
56.000000 0.21763265
56.100000 0.21824886
56.200000 0.21886507
56.300000 0.21948128
56.400000 0.22009749
56.500000 0.22071370
56.600000 0.22132991
56.700000 0.22194612
56.800000 0.22256233
56.900000 0.22317854
57.000000 0.22379475
57.100000 0.22441096
57.200000 0.22502717
57.300000 0.22564338
57.400000 0.22625959
57.500000 0.22598603
57.600000 0.22156426
57.700000 0.21714249
57.800000 0.21272071
57.900000 0.20829894
58.000000 0.20387717
58.100000 0.19945540
58.200000 0.19503363
58.300000 0.19061186
58.400000 0.18619009
58.500000 0.18176832
58.600000 0.17734655
58.700000 0.17292478
58.800000 0.16850301
58.900000 0.16408124
59.000000 0.15965947
59.100000 0.15523770
59.200000 0.15081593
59.300000 0.14639416
59.400000 0.14197239
59.500000 0.13771014
59.600000 0.13354821
59.700000 0.12938627
59.800000 0.12522433
59.900000 0.12106239
60.000000 0.11690046
60.100000 0.11273852
60.200000 0.11102121
60.300000 0.11038285
60.400000 0.10974449
60.500000 0.10910613
60.600000 0.10846777
60.700000 0.10782941
60.800000 0.10719105
60.900000 0.10655269
61.000000 0.10591433
61.100000 0.10527597
61.200000 0.10463761
61.300000 0.10399925
61.400000 0.10336089
61.500000 0.10272253
61.600000 0.10208417
61.700000 0.10144581
61.800000 0.10163347
61.900000 0.10328140
62.000000 0.10492933
62.100000 0.10657725
62.200000 0.10822518
62.300000 0.10987310
62.400000 0.11152103
62.500000 0.11316895
62.600000 0.11481688
62.700000 0.11646480
62.800000 0.11811273
62.900000 0.11976066
63.000000 0.12140858
63.100000 0.12305651
63.200000 0.12470443
63.300000 0.12635236
63.400000 0.12800028
63.500000 0.12964821
63.600000 0.13129613
63.700000 0.13294406
63.800000 0.13459199
63.900000 0.13623991
64.000000 0.13785001
64.100000 0.13525066
64.200000 0.13265132
64.300000 0.13005198
64.400000 0.12745264
64.500000 0.12485329
64.600000 0.12225395
64.700000 0.11965461
64.800000 0.11705527
64.900000 0.11445593
65.000000 0.11185658
65.100000 0.10925724
65.200000 0.10665790
65.300000 0.10405856
65.400000 0.10145921
65.500000 0.09885987
65.600000 0.09626053
65.700000 0.09366119
65.800000 0.09106184
65.900000 0.08846250
66.000000 0.08586316
66.100000 0.08326382
66.200000 0.08066447
66.300000 0.07806513
66.400000 0.07573349
66.500000 0.07380838
66.600000 0.07266572
66.700000 0.07552417
66.800000 0.07838261
66.900000 0.08124106
67.000000 0.08409950
67.100000 0.08695795
67.200000 0.08981639
67.300000 0.09267484
67.400000 0.09553328
67.500000 0.09839173
67.600000 0.10125017
67.700000 0.10410862
67.800000 0.10696706
67.900000 0.10982551
68.000000 0.11268395
68.100000 0.11554240
68.200000 0.11840084
68.300000 0.12125929
68.400000 0.12411773
68.500000 0.12697617
68.600000 0.12983462
68.700000 0.13173589
68.800000 0.13107556
68.900000 0.13041523
69.000000 0.12975490
69.100000 0.12909457
69.200000 0.12843423
69.300000 0.12777390
69.400000 0.12711357
69.500000 0.12645324
69.600000 0.12579291
69.700000 0.12441224
69.800000 0.12286870
69.900000 0.12132515
70.000000 0.11978160
70.100000 0.11823806
70.200000 0.11669451
70.300000 0.11515096
70.400000 0.11360741
70.500000 0.11206387
70.600000 0.11052032
70.700000 0.10897677
70.800000 0.10743323
70.900000 0.10588968
71.000000 0.10434613
71.100000 0.10280258
71.200000 0.10125904
71.300000 0.09971549
71.400000 0.09817194
71.500000 0.09662839
71.600000 0.09508485
71.700000 0.09354130
71.800000 0.09199775
71.900000 0.09045421
72.000000 0.08891066
72.100000 0.08736711
72.200000 0.08582356
72.300000 0.08428002
72.400000 0.08273647
72.500000 0.08119292
72.600000 0.07964938
72.700000 0.07810583
72.800000 0.07656228
72.900000 0.07501873
73.000000 0.07347519
73.100000 0.07193164
73.200000 0.07038809
73.300000 0.06884455
73.400000 0.06730100
73.500000 0.06575745
73.600000 0.06421390
73.700000 0.06370726
73.800000 0.06342506
73.900000 0.06314286
74.000000 0.06286065
74.100000 0.06257845
74.200000 0.06229625
74.300000 0.06201405
74.400000 0.06173184
74.500000 0.06144964
74.600000 0.06116744
74.700000 0.06088524
74.800000 0.06060303
74.900000 0.06032083
75.000000 0.06003863
75.100000 0.05975642
75.200000 0.05947422
75.300000 0.05919202
75.400000 0.05890982
75.500000 0.05922403
75.600000 0.06012745
75.700000 0.06103087
75.800000 0.06193428
75.900000 0.06283770
76.000000 0.06374111
76.100000 0.06464453
76.200000 0.06554795
76.300000 0.06576607
76.400000 0.06571194
76.500000 0.06565782
76.600000 0.06560369
76.700000 0.06554957
76.800000 0.06549544
76.900000 0.06544132
77.000000 0.06538719
77.100000 0.06533307
77.200000 0.06527894
77.300000 0.06522482
77.400000 0.06517069
77.500000 0.06511657
77.600000 0.06506244
77.700000 0.06500832
77.800000 0.06495419
77.900000 0.06490007
78.000000 0.06484594
78.100000 0.06479182
78.200000 0.06473769
78.300000 0.06468357
78.400000 0.06462944
78.500000 0.06457532
78.600000 0.06452120
78.700000 0.06446707
78.800000 0.06441295
78.900000 0.06435882
79.000000 0.06430470
79.100000 0.06425057
79.200000 0.06419645
79.300000 0.06414232
79.400000 0.06408820
79.500000 0.06403407
79.600000 0.06397995
79.700000 0.06392582
79.800000 0.06387170
79.900000 0.06381757
80.000000 0.06376345
80.100000 0.06370932
80.200000 0.06365520
80.300000 0.06360107
80.400000 0.06354695
80.500000 0.06349282
80.600000 0.06343870
80.700000 0.06338457
80.800000 0.06333045
80.900000 0.06327632
81.000000 0.06322220
81.100000 0.06316807
81.200000 0.06311395
81.300000 0.06305982
81.400000 0.06300570
81.500000 0.06295157
81.600000 0.06289745
81.700000 0.06284332
81.800000 0.06278920
81.900000 0.06273507
82.000000 0.06268095
82.100000 0.06262682
82.200000 0.06257270
82.300000 0.06251857
82.400000 0.06252009
82.500000 0.06272753
82.600000 0.06293498
82.700000 0.06314243
82.800000 0.06334987
82.900000 0.06355732
83.000000 0.06376179
83.100000 0.06395934
83.200000 0.06415688
83.300000 0.06435442
83.400000 0.06455196
83.500000 0.06474950
83.600000 0.06494704
83.700000 0.06514458
83.800000 0.06534212
83.900000 0.06553966
84.000000 0.06573721
84.100000 0.06593475
84.200000 0.06613229
84.300000 0.06632983
84.400000 0.06652737
84.500000 0.06672491
84.600000 0.06692245
84.700000 0.06711999
84.800000 0.06731754
84.900000 0.06751508
85.000000 0.06771262
85.100000 0.06791016
85.200000 0.06810770
85.300000 0.06830524
85.400000 0.06850278
85.500000 0.06870032
85.600000 0.06889787
85.700000 0.06909541
85.800000 0.06929295
85.900000 0.06949049
86.000000 0.06968803
86.100000 0.06988557
86.200000 0.07008311
86.300000 0.07028065
86.400000 0.07047819
86.500000 0.07067574
86.600000 0.07087328
86.700000 0.07107082
86.800000 0.07126836
86.900000 0.07146590
87.000000 0.07166344
87.100000 0.07186098
87.200000 0.07205852
87.300000 0.07234652
87.400000 0.07263929
87.500000 0.07293206
87.600000 0.07344538
87.700000 0.07450386
87.800000 0.07556234
87.900000 0.07662082
88.000000 0.07719757
88.100000 0.07674314
88.200000 0.07628872
88.300000 0.07583430
88.400000 0.07537987
88.500000 0.07492545
88.600000 0.07447102
88.700000 0.07401660
88.800000 0.07356218
88.900000 0.07310775
89.000000 0.07265333
89.100000 0.07219890
89.200000 0.07174448
89.300000 0.07129006
89.400000 0.07083563
89.500000 0.07038121
89.600000 0.06992678
89.700000 0.06947236
89.800000 0.06901794
89.900000 0.06856351
90.000000 0.06810909
90.100000 0.06765466
90.200000 0.06720024
90.300000 0.06674582
90.400000 0.06629139
90.500000 0.06583697
90.600000 0.06538254
90.700000 0.06744875
90.800000 0.07018932
90.900000 0.07292988
91.000000 0.07567044
91.100000 0.07728088
91.200000 0.07744422
91.300000 0.07760757
91.400000 0.07777091
91.500000 0.07793425
91.600000 0.07809760
91.700000 0.07826094
91.800000 0.07842429
91.900000 0.07858763
92.000000 0.07875098
92.100000 0.07891432
92.200000 0.07907766
92.300000 0.07924101
92.400000 0.07940435
92.500000 0.07956770
92.600000 0.07973104
92.700000 0.07989439
92.800000 0.08005773
92.900000 0.08022107
93.000000 0.08038442
93.100000 0.08054776
93.200000 0.08071111
93.300000 0.08087445
93.400000 0.08103780
93.500000 0.08120114
93.600000 0.08083395
93.700000 0.08030452
93.800000 0.07977510
93.900000 0.07924567
94.000000 0.07871624
94.100000 0.07818681
94.200000 0.07765739
94.300000 0.07712796
94.400000 0.07659853
94.500000 0.07606911
94.600000 0.07553968
94.700000 0.07501025
94.800000 0.07448082
94.900000 0.07395140
95.000000 0.07342197
95.100000 0.07289254
95.200000 0.07236311
95.300000 0.07183369
95.400000 0.07130426
95.500000 0.07077483
95.600000 0.07024541
95.700000 0.06971598
95.800000 0.06920720
95.900000 0.06923283
96.000000 0.06925847
96.100000 0.06928410
96.200000 0.06930974
96.300000 0.06933537
96.400000 0.06936100
96.500000 0.06938664
96.600000 0.06941227
96.700000 0.06943790
96.800000 0.06946354
96.900000 0.06948917
97.000000 0.06951480
97.100000 0.06954044
97.200000 0.06956607
97.300000 0.06959170
97.400000 0.06961734
97.500000 0.06964297
97.600000 0.06966861
97.700000 0.06969424
97.800000 0.06971987
97.900000 0.06974551
98.000000 0.06977114
98.100000 0.06979677
98.200000 0.06982241
98.300000 0.06984804
98.400000 0.06987367
98.500000 0.06989931
98.600000 0.06992494
98.700000 0.06995057
98.800000 0.06997621
98.900000 0.07000184
99.000000 0.07002748
99.100000 0.07005311
99.200000 0.07007874
99.300000 0.07010438
99.400000 0.07013001
99.500000 0.07015564
99.600000 0.07018128
99.700000 0.07018659
99.800000 0.07019044
99.900000 0.07019430
100.000000 0.07019816
100.100000 0.07020201
100.200000 0.07020587
100.300000 0.07020972
100.400000 0.07021358
100.500000 0.07021744
100.600000 0.07022129
100.700000 0.07022515
100.800000 0.07022900
100.900000 0.07023286
101.000000 0.07023672
101.100000 0.07024057
101.200000 0.07024443
101.300000 0.07024829
101.400000 0.07025214
101.500000 0.07025600
101.600000 0.07025985
101.700000 0.07026371
101.800000 0.07026757
101.900000 0.07027142
102.000000 0.07027528
102.100000 0.07027913
102.200000 0.07028299
102.300000 0.07028685
102.400000 0.07029070
102.500000 0.07029456
102.600000 0.07029841
102.700000 0.07030227
102.800000 0.07030613
102.900000 0.07030998
103.000000 0.07031384
103.100000 0.07031770
103.200000 0.07032155
103.300000 0.07032541
103.400000 0.07032926
103.500000 0.07033312
103.600000 0.07033698
103.700000 0.07034083
103.800000 0.07034469
103.900000 0.07034854
104.000000 0.07035240
104.100000 0.07035626
104.200000 0.07036011
104.300000 0.07036397
104.400000 0.07036782
104.500000 0.07037168
104.600000 0.07037554
104.700000 0.07037939
104.800000 0.07038325
104.900000 0.07038711
105.000000 0.07039096
105.100000 0.07039482
105.200000 0.07039867
105.300000 0.07040253
105.400000 0.07040639
105.500000 0.07041024
105.600000 0.07041410
105.700000 0.07041795
105.800000 0.07042181
105.900000 0.07042567
106.000000 0.07042952
106.100000 0.07043338
106.200000 0.07043723
106.300000 0.07044109
106.400000 0.07044495
106.500000 0.07044880
106.600000 0.07045266
106.700000 0.07045652
106.800000 0.07046037
106.900000 0.07046423
107.000000 0.07046808
107.100000 0.07047194
107.200000 0.07047580
107.300000 0.07047965
107.400000 0.07048351
107.500000 0.07048736
107.600000 0.07049122
107.700000 0.07049508
107.800000 0.07049893
107.900000 0.07050279
108.000000 0.07050664
108.100000 0.07051050
108.200000 0.07051436
108.300000 0.07051821
108.400000 0.07052207
108.500000 0.07052593
108.600000 0.07052978
108.700000 0.07053364
108.800000 0.07053749
108.900000 0.07054135
109.000000 0.07054521
109.100000 0.07054906
109.200000 0.07055292
109.300000 0.07055677
109.400000 0.07056063
109.500000 0.07056449
109.600000 0.07056834
109.700000 0.07057220
109.800000 0.07057605
109.900000 0.07057991
110.000000 0.07058377
110.100000 0.07058762
110.200000 0.07059148
110.300000 0.07059534
110.400000 0.07059919
110.500000 0.07060305
110.600000 0.07060690
110.700000 0.07061076
110.800000 0.07061462
110.900000 0.07061847
111.000000 0.07062233
111.100000 0.07062618
111.200000 0.07056388
111.300000 0.07040461
111.400000 0.07024533
111.500000 0.07008606
111.600000 0.06992679
111.700000 0.06976751
111.800000 0.06960824
111.900000 0.06944897
112.000000 0.06928969
112.100000 0.06913042
112.200000 0.06897114
112.300000 0.06881187
112.400000 0.06865260
112.500000 0.06849332
112.600000 0.06833405
112.700000 0.06817478
112.800000 0.06801550
112.900000 0.06785623
113.000000 0.06769696
113.100000 0.06753768
113.200000 0.06737841
113.300000 0.06721914
113.400000 0.06705986
113.500000 0.06690059
113.600000 0.06674131
113.700000 0.06658204
113.800000 0.06642277
113.900000 0.06626349
114.000000 0.06610422
114.100000 0.06594495
114.200000 0.06578567
114.300000 0.06562640
114.400000 0.06546713
114.500000 0.06530785
114.600000 0.06514858
114.700000 0.06498931
114.800000 0.06483003
114.900000 0.06467076
115.000000 0.06451148
115.100000 0.06435221
115.200000 0.06419294
115.300000 0.06403366
115.400000 0.06387439
115.500000 0.06371512
115.600000 0.06355584
115.700000 0.06339657
115.800000 0.06323730
115.900000 0.06307802
116.000000 0.06296161
116.100000 0.06324903
116.200000 0.06353645
116.300000 0.06382387
116.400000 0.06411130
116.500000 0.06439872
116.600000 0.06468614
116.700000 0.06497357
116.800000 0.06526099
116.900000 0.06554841
117.000000 0.06583583
117.100000 0.06612326
117.200000 0.06641068
117.300000 0.06669810
117.400000 0.06698553
117.500000 0.06727295
117.600000 0.06756037
117.700000 0.06784779
117.800000 0.06813522
117.900000 0.06842264
118.000000 0.06871006
118.100000 0.06899749
118.200000 0.06928491
118.300000 0.06957233
118.400000 0.06985975
118.500000 0.07014718
118.600000 0.07043460
118.700000 0.06979011
118.800000 0.06609812
118.900000 0.06240613
119.000000 0.05871414
119.100000 0.05502215
119.200000 0.05133016
119.300000 0.04763817
119.400000 0.04394618
119.500000 0.04025419
119.600000 0.03656220
119.700000 0.03287021
119.800000 0.02917822
119.900000 0.01709487
