0.000000 0.00000000
0.100000 0.00116452
0.200000 0.00232904
0.300000 0.00349357
0.400000 0.00465809
0.500000 0.00582261
0.600000 0.00698713
0.700000 0.00815166
0.800000 0.00931618
0.900000 0.01048070
1.000000 0.01164522
1.100000 0.01280975
1.200000 0.01397427
1.300000 0.01513879
1.400000 0.01630331
1.500000 0.01746783
1.600000 0.01863236
1.700000 0.01979688
1.800000 0.02096140
1.900000 0.02212592
2.000000 0.02329045
2.100000 0.02445497
2.200000 0.02561949
2.300000 0.02678401
2.400000 0.02794854
2.500000 0.02911306
2.600000 0.03027758
2.700000 0.03144210
2.800000 0.03260662
2.900000 0.03377115
3.000000 0.03493567
3.100000 0.03610019
3.200000 0.03726471
3.300000 0.03842924
3.400000 0.03959376
3.500000 0.04075828
3.600000 0.04192280
3.700000 0.04308732
3.800000 0.04425185
3.900000 0.04541637
4.000000 0.04658089
4.100000 0.04774541
4.200000 0.04890994
4.300000 0.05007446
4.400000 0.05123898
4.500000 0.05240350
4.600000 0.05356803
4.700000 0.05473255
4.800000 0.05589707
4.900000 0.05706159
5.000000 0.05822611
5.100000 0.05939064
5.200000 0.06055516
5.300000 0.06171968
5.400000 0.06288420
5.500000 0.06404873
5.600000 0.06521325
5.700000 0.06637777
5.800000 0.06754229
5.900000 0.06870682
6.000000 0.06987134
6.100000 0.07103586
6.200000 0.07220038
6.300000 0.07336490
6.400000 0.07452943
6.500000 0.07569395
6.600000 0.07685847
6.700000 0.07802299
6.800000 0.07918752
6.900000 0.08035204
7.000000 0.08151656
7.100000 0.08268108
7.200000 0.08384561
7.300000 0.08501013
7.400000 0.08617465
7.500000 0.08733917
7.600000 0.08850369
7.700000 0.08966822
7.800000 0.09083274
7.900000 0.09199726
8.000000 0.09316178
8.100000 0.09432631
8.200000 0.09549083
8.300000 0.09665535
8.400000 0.09781987
8.500000 0.09898439
8.600000 0.10014892
8.700000 0.10131344
8.800000 0.10247796
8.900000 0.10364248
9.000000 0.10480701
9.100000 0.10597153
9.200000 0.10713605
9.300000 0.10830057
9.400000 0.10946510
9.500000 0.11062962
9.600000 0.11179414
9.700000 0.11295866
9.800000 0.11412318
9.900000 0.11528771
10.000000 0.11645223
10.100000 0.11761675
10.200000 0.11878127
10.300000 0.11994580
10.400000 0.12111032
10.500000 0.12227484
10.600000 0.12343936
10.700000 0.12460389
10.800000 0.12576841
10.900000 0.12693293
11.000000 0.12809745
11.100000 0.12926197
11.200000 0.13042650
11.300000 0.13159102
11.400000 0.13275554
11.500000 0.13392006
11.600000 0.13508459
11.700000 0.13624911
11.800000 0.13741363
11.900000 0.13857815
12.000000 0.13974268
12.100000 0.14090720
12.200000 0.14207172
12.300000 0.14323624
12.400000 0.14440076
12.500000 0.14556529
12.600000 0.14672981
12.700000 0.14789433
12.800000 0.14905885
12.900000 0.15022338
13.000000 0.15138790
13.100000 0.15255242
13.200000 0.15371694
13.300000 0.15488147
13.400000 0.15604599
13.500000 0.15721051
13.600000 0.15837503
13.700000 0.15953955
13.800000 0.16070408
13.900000 0.16186860
14.000000 0.16303312
14.100000 0.16419764
14.200000 0.16536217
14.300000 0.16652669
14.400000 0.16769121
14.500000 0.16885573
14.600000 0.17002025
14.700000 0.17118478
14.800000 0.17234930
14.900000 0.17351382
15.000000 0.17467834
15.100000 0.17584287
15.200000 0.17700739
15.300000 0.17817191
15.400000 0.17933643
15.500000 0.18050096
15.600000 0.18166548
15.700000 0.18283000
15.800000 0.18399452
15.900000 0.18515904
16.000000 0.18632357
16.100000 0.18748809
16.200000 0.18865261
16.300000 0.18981713
16.400000 0.19098166
16.500000 0.19214618
16.600000 0.19331070
16.700000 0.19447522
16.800000 0.19563975
16.900000 0.19680427
17.000000 0.19796879
17.100000 0.19913331
17.200000 0.20029783
17.300000 0.20146236
17.400000 0.20262688
17.500000 0.20379140
17.600000 0.20495592
17.700000 0.20612045
17.800000 0.20728497
17.900000 0.20844949
18.000000 0.20961401
18.100000 0.21077854
18.200000 0.21194306
18.300000 0.21310758
18.400000 0.21427210
18.500000 0.21543662
18.600000 0.21660115
18.700000 0.21776567
18.800000 0.21893019
18.900000 0.22009471
19.000000 0.22125924
19.100000 0.22242376
19.200000 0.22358828
19.300000 0.22475280
19.400000 0.22591732
19.500000 0.22708185
19.600000 0.22824637
19.700000 0.22941089
19.800000 0.23057541
19.900000 0.23173994
20.000000 0.23290446
20.100000 0.23406898
20.200000 0.23523350
20.300000 0.23639803
20.400000 0.23756255
20.500000 0.23872707
20.600000 0.23989159
20.700000 0.24105611
20.800000 0.24222064
20.900000 0.24338516
21.000000 0.24454968
21.100000 0.24571420
21.200000 0.24687873
21.300000 0.24804325
21.400000 0.24920777
21.500000 0.25037229
21.600000 0.25153682
21.700000 0.25270134
21.800000 0.25386586
21.900000 0.25503038
22.000000 0.25619490
22.100000 0.25735943
22.200000 0.25852395
22.300000 0.25968847
22.400000 0.26039975
22.500000 0.26104276
22.600000 0.26168577
22.700000 0.26232877
22.800000 0.26297178
22.900000 0.26361479
23.000000 0.26425779
23.100000 0.26490080
23.200000 0.26554381
23.300000 0.26618681
23.400000 0.26682982
23.500000 0.26747283
23.600000 0.26811583
23.700000 0.26875884
23.800000 0.26940185
23.900000 0.27004485
24.000000 0.27068786
24.100000 0.27133087
24.200000 0.27197387
24.300000 0.27261688
24.400000 0.27325989
24.500000 0.27390290
24.600000 0.27454590
24.700000 0.27518891
24.800000 0.27583192
24.900000 0.27647492
25.000000 0.27711793
25.100000 0.27776094
25.200000 0.27840394
25.300000 0.27904695
25.400000 0.27968996
25.500000 0.28317357
25.600000 0.28788573
25.700000 0.29259790
25.800000 0.29731006
25.900000 0.30202223
26.000000 0.30673439
26.100000 0.31144656
26.200000 0.31615873
26.300000 0.32087089
26.400000 0.32558306
26.500000 0.33029522
26.600000 0.33500739
26.700000 0.33971956
26.800000 0.34443172
26.900000 0.34914389
27.000000 0.35385605
27.100000 0.35704240
27.200000 0.35851624
27.300000 0.35999008
27.400000 0.36146392
27.500000 0.36293776
27.600000 0.36441160
27.700000 0.36588544
27.800000 0.36735928
27.900000 0.36883312
28.000000 0.37030696
28.100000 0.37178080
28.200000 0.37325464
28.300000 0.37472848
28.400000 0.37620232
28.500000 0.37767616
28.600000 0.37915000
28.700000 0.38062384
28.800000 0.38209768
28.900000 0.38357152
29.000000 0.38504536
29.100000 0.38651920
29.200000 0.38799304
29.300000 0.38946688
29.400000 0.39094072
29.500000 0.39241456
29.600000 0.39388840
29.700000 0.39536224
29.800000 0.39683608
29.900000 0.39830992
30.000000 0.39978376
30.100000 0.40125760
30.200000 0.40273144
30.300000 0.40420528
30.400000 0.40567912
30.500000 0.40715296
30.600000 0.40862680
30.700000 0.41010064
30.800000 0.41157448
30.900000 0.41304832
31.000000 0.41452216
31.100000 0.41599600
31.200000 0.41746984
31.300000 0.41894368
31.400000 0.42041752
31.500000 0.42189136
31.600000 0.42336520
31.700000 0.42483904
31.800000 0.43766787
31.900000 0.46868582
32.000000 0.49970377
32.100000 0.53072171
32.200000 0.56173966
32.300000 0.59275761
32.400000 0.62377556
32.500000 0.65479351
32.600000 0.68581145
32.700000 0.71682940
32.800000 0.74784735
32.900000 0.77886530
33.000000 0.80988324
33.100000 0.84090119
33.200000 0.85834371
33.300000 0.84660091
33.400000 0.83485810
33.500000 0.82311530
33.600000 0.81137249
33.700000 0.79962969
33.800000 0.78788688
33.900000 0.77614408
34.000000 0.76440127
34.100000 0.75265847
34.200000 0.74091566
34.300000 0.72917286
34.400000 0.71743005
34.500000 0.70568724
34.600000 0.69394444
34.700000 0.68220163
34.800000 0.67045883
34.900000 0.65902751
35.000000 0.64815071
35.100000 0.63727391
35.200000 0.62639711
35.300000 0.61552032
35.400000 0.60464352
35.500000 0.59376672
35.600000 0.58288993
35.700000 0.57201313
35.800000 0.56113633
35.900000 0.55025953
36.000000 0.53938274
36.100000 0.56229467
36.200000 0.58805923
36.300000 0.58832243
36.400000 0.57653757
36.500000 0.56475271
36.600000 0.55296785
36.700000 0.54118300
36.800000 0.52939814
36.900000 0.51761328
37.000000 0.50582842
37.100000 0.49404357
37.200000 0.48225871
37.300000 0.47047385
37.400000 0.45868899
37.500000 0.44690414
37.600000 0.43511928
37.700000 0.42333442
37.800000 0.41154956
37.900000 0.39976470
38.000000 0.38797985
38.100000 0.37619499
38.200000 0.36441013
38.300000 0.35262527
38.400000 0.34084042
38.500000 0.32905556
38.600000 0.31727070
38.700000 0.30548584
38.800000 0.29370099
38.900000 0.28191613
39.000000 0.27013127
39.100000 0.25834641
39.200000 0.24656155
39.300000 0.23477670
39.400000 0.22299184
39.500000 0.21120698
39.600000 0.19942212
39.700000 0.18763727
39.800000 0.17585241
39.900000 0.16406755
40.000000 0.15228269
40.100000 0.14049784
40.200000 0.12871298
40.300000 0.11692812
40.400000 0.11211377
40.500000 0.11241014
40.600000 0.11270651
40.700000 0.11374707
40.800000 0.11520389
40.900000 0.11666071
41.000000 0.11811754
41.100000 0.11957436
41.200000 0.12103119
41.300000 0.12248801
41.400000 0.12394484
41.500000 0.12540166
41.600000 0.12685849
41.700000 0.12936716
41.800000 0.13269667
41.900000 0.13602617
42.000000 0.13935568
42.100000 0.14268519
42.200000 0.14601469
42.300000 0.14934420
42.400000 0.15267370
42.500000 0.15600321
42.600000 0.15933271
42.700000 0.16266222
42.800000 0.16599172
42.900000 0.16932123
43.000000 0.17265073
43.100000 0.17598024
43.200000 0.17930974
43.300000 0.18263925
43.400000 0.18596875
43.500000 0.18929826
43.600000 0.19262776
43.700000 0.19595727
43.800000 0.19928677
43.900000 0.20261628
44.000000 0.20594578
44.100000 0.20927529
44.200000 0.21260479
44.300000 0.21593430
44.400000 0.21926380
44.500000 0.22259331
44.600000 0.22592281
44.700000 0.22925232
44.800000 0.23258182
44.900000 0.23591133
45.000000 0.23924083
45.100000 0.24257034
45.200000 0.24589984
45.300000 0.24922935
45.400000 0.25255885
45.500000 0.25588836
45.600000 0.25516084
45.700000 0.25238845
45.800000 0.24961606
45.900000 0.24684368
46.000000 0.24407129
46.100000 0.24129891
46.200000 0.23852652
46.300000 0.23575413
46.400000 0.23298175
46.500000 0.23020936
46.600000 0.22743698
46.700000 0.22466459
46.800000 0.22189220
46.900000 0.21911982
47.000000 0.21634743
47.100000 0.21357505
47.200000 0.21080266
47.300000 0.20803027
47.400000 0.20525789
47.500000 0.20248550
47.600000 0.19971312
47.700000 0.19694073
47.800000 0.19416834
47.900000 0.19139596
48.000000 0.18862357
48.100000 0.18585119
48.200000 0.18307880
48.300000 0.18030641
48.400000 0.17753403
48.500000 0.17476164
48.600000 0.17198926
48.700000 0.16921687
48.800000 0.16644448
48.900000 0.16367210
49.000000 0.16089971
49.100000 0.15812733
49.200000 0.15535494
49.300000 0.15258255
49.400000 0.14981017
49.500000 0.14703778
49.600000 0.14426540
49.700000 0.14618545
49.800000 0.14972773
49.900000 0.15327000
50.000000 0.15681228
50.100000 0.16035455
50.200000 0.16389683
50.300000 0.16743911
50.400000 0.17098138
50.500000 0.17452366
50.600000 0.17806594
50.700000 0.18160821
50.800000 0.18515049
50.900000 0.18869277
51.000000 0.19223504
51.100000 0.19577732
51.200000 0.19931960
51.300000 0.20286187
51.400000 0.20640415
51.500000 0.20994643
51.600000 0.21348870
51.700000 0.21703098
51.800000 0.22057325
51.900000 0.22411553
52.000000 0.22765781
52.100000 0.23099519
52.200000 0.23431738
52.300000 0.23763957
52.400000 0.24096176
52.500000 0.24428395
52.600000 0.24760614
52.700000 0.25092833
52.800000 0.25425052
52.900000 0.25757271
53.000000 0.26089490
53.100000 0.26421709
53.200000 0.26753928
53.300000 0.27086147
53.400000 0.27418366
53.500000 0.27750585
53.600000 0.28082804
53.700000 0.28415023
53.800000 0.28747243
53.900000 0.29079462
54.000000 0.29411681
54.100000 0.29743900
54.200000 0.30076119
54.300000 0.30408338
54.400000 0.30740557
54.500000 0.31072776
54.600000 0.31404995
54.700000 0.31737214
54.800000 0.32069433
54.900000 0.32401652
55.000000 0.32536590
55.100000 0.32053330
55.200000 0.31570071
55.300000 0.31086811
55.400000 0.30603552
55.500000 0.30120292
55.600000 0.29637032
55.700000 0.29153773
55.800000 0.28806790
55.900000 0.29065452
56.000000 0.29324114
56.100000 0.29582776
56.200000 0.29841438
56.300000 0.30100100
56.400000 0.30358762
56.500000 0.30617424
56.600000 0.30876086
56.700000 0.31134748
56.800000 0.31393410
56.900000 0.31652072
57.000000 0.31910735
57.100000 0.32169397
57.200000 0.32428059
57.300000 0.32686721
57.400000 0.32945383
57.500000 0.33013380
57.600000 0.32192474
57.700000 0.31371569
57.800000 0.30550664
57.900000 0.29729759
58.000000 0.28908854
58.100000 0.28087949
58.200000 0.27267044
58.300000 0.26446138
58.400000 0.25625233
58.500000 0.24804328
58.600000 0.23983423
58.700000 0.23162518
58.800000 0.22341613
58.900000 0.21520707
59.000000 0.20699802
59.100000 0.19878897
59.200000 0.19057992
59.300000 0.18237087
59.400000 0.17416182
59.500000 0.16601412
59.600000 0.15790501
59.700000 0.14979589
59.800000 0.14168678
59.900000 0.13357766
60.000000 0.12546854
60.100000 0.11735943
60.200000 0.11448880
60.300000 0.11393020
60.400000 0.11337161
60.500000 0.11281302
60.600000 0.11225443
60.700000 0.11169584
60.800000 0.11113724
60.900000 0.11057865
61.000000 0.11002006
61.100000 0.10946147
61.200000 0.10890287
61.300000 0.10834428
61.400000 0.10778569
61.500000 0.10722710
61.600000 0.10666851
61.700000 0.10610991
61.800000 0.10586902
61.900000 0.10618977
62.000000 0.10651052
62.100000 0.10683127
62.200000 0.10715201
62.300000 0.10747276
62.400000 0.10779351
62.500000 0.10811426
62.600000 0.10843501
62.700000 0.10875576
62.800000 0.10907650
62.900000 0.10939725
63.000000 0.10971800
63.100000 0.11003875
63.200000 0.11035950
63.300000 0.11068025
63.400000 0.11100099
63.500000 0.11132174
63.600000 0.11164249
63.700000 0.11196324
63.800000 0.11228399
63.900000 0.11260473
64.000000 0.11291093
64.100000 0.11159812
64.200000 0.11028530
64.300000 0.10897248
64.400000 0.10765967
64.500000 0.10634685
64.600000 0.10503404
64.700000 0.10372122
64.800000 0.10240840
64.900000 0.10109559
65.000000 0.09978277
65.100000 0.09846995
65.200000 0.09715714
65.300000 0.09584432
65.400000 0.09453150
65.500000 0.09321869
65.600000 0.09190587
65.700000 0.09059306
65.800000 0.08928024
65.900000 0.08796742
66.000000 0.08665461
66.100000 0.08534179
66.200000 0.08402897
66.300000 0.08271616
66.400000 0.08197697
66.500000 0.08210895
66.600000 0.08254187
66.700000 0.08451367
66.800000 0.08648548
66.900000 0.08845728
67.000000 0.09042908
67.100000 0.09240089
67.200000 0.09437269
67.300000 0.09634449
67.400000 0.09831630
67.500000 0.10028810
67.600000 0.10225990
67.700000 0.10423171
67.800000 0.10620351
67.900000 0.10817532
68.000000 0.11014712
68.100000 0.11211892
68.200000 0.11409073
68.300000 0.11606253
68.400000 0.11803433
68.500000 0.12000614
68.600000 0.12197794
68.700000 0.12358160
68.800000 0.12420003
68.900000 0.12481846
69.000000 0.12543688
69.100000 0.12605531
69.200000 0.12667374
69.300000 0.12729217
69.400000 0.12791060
69.500000 0.12852903
69.600000 0.12914746
69.700000 0.12822230
69.800000 0.12694812
69.900000 0.12567394
70.000000 0.12439976
70.100000 0.12312559
70.200000 0.12185141
70.300000 0.12057723
70.400000 0.11930305
70.500000 0.11802887
70.600000 0.11675469
70.700000 0.11548051
70.800000 0.11420633
70.900000 0.11293216
71.000000 0.11165798
71.100000 0.11038380
71.200000 0.10910962
71.300000 0.10783544
71.400000 0.10656126
71.500000 0.10528708
71.600000 0.10401290
71.700000 0.10273873
71.800000 0.10146455
71.900000 0.10019037
72.000000 0.09891619
72.100000 0.09764201
72.200000 0.09636783
72.300000 0.09509365
72.400000 0.09381947
72.500000 0.09254529
72.600000 0.09127112
72.700000 0.08999694
72.800000 0.08872276
72.900000 0.08744858
73.000000 0.08617440
73.100000 0.08490022
73.200000 0.08362604
73.300000 0.08235186
73.400000 0.08107769
73.500000 0.07980351
73.600000 0.07852933
73.700000 0.07765396
73.800000 0.07686491
73.900000 0.07607587
74.000000 0.07528682
74.100000 0.07449777
74.200000 0.07370873
74.300000 0.07291968
74.400000 0.07213063
74.500000 0.07134159
74.600000 0.07055254
74.700000 0.06976350
74.800000 0.06897445
74.900000 0.06818540
75.000000 0.06739636
75.100000 0.06660731
75.200000 0.06581826
75.300000 0.06502922
75.400000 0.06424017
75.500000 0.06472917
75.600000 0.06648073
75.700000 0.06823230
75.800000 0.06998386
75.900000 0.07173543
76.000000 0.07348699
76.100000 0.07523856
76.200000 0.07699012
76.300000 0.07727320
76.400000 0.07697289
76.500000 0.07667258
76.600000 0.07637228
76.700000 0.07607197
76.800000 0.07577166
76.900000 0.07547135
77.000000 0.07517104
77.100000 0.07487073
77.200000 0.07457043
77.300000 0.07427012
77.400000 0.07396981
77.500000 0.07366950
77.600000 0.07336919
77.700000 0.07306888
77.800000 0.07276858
77.900000 0.07246827
78.000000 0.07216796
78.100000 0.07186765
78.200000 0.07156734
78.300000 0.07126703
78.400000 0.07096672
78.500000 0.07066642
78.600000 0.07036611
78.700000 0.07006580
78.800000 0.06976549
78.900000 0.06946518
79.000000 0.06916487
79.100000 0.06886457
79.200000 0.06856426
79.300000 0.06826395
79.400000 0.06796364
79.500000 0.06766333
79.600000 0.06736302
79.700000 0.06706272
79.800000 0.06676241
79.900000 0.06646210
80.000000 0.06616179
80.100000 0.06586148
80.200000 0.06556117
80.300000 0.06526087
80.400000 0.06496056
80.500000 0.06466025
80.600000 0.06435994
80.700000 0.06405963
80.800000 0.06375932
80.900000 0.06345902
81.000000 0.06315871
81.100000 0.06285840
81.200000 0.06255809
81.300000 0.06225778
81.400000 0.06195747
81.500000 0.06165716
81.600000 0.06135686
81.700000 0.06105655
81.800000 0.06075624
81.900000 0.06045593
82.000000 0.06015562
82.100000 0.05985531
82.200000 0.05955501
82.300000 0.05925470
82.400000 0.05907361
82.500000 0.05933381
82.600000 0.05959402
82.700000 0.05985422
82.800000 0.06011442
82.900000 0.06037463
83.000000 0.06063369
83.100000 0.06089008
83.200000 0.06114647
83.300000 0.06140286
83.400000 0.06165926
83.500000 0.06191565
83.600000 0.06217204
83.700000 0.06242844
83.800000 0.06268483
83.900000 0.06294122
84.000000 0.06319762
84.100000 0.06345401
84.200000 0.06371040
84.300000 0.06396679
84.400000 0.06422319
84.500000 0.06447958
84.600000 0.06473597
84.700000 0.06499237
84.800000 0.06524876
84.900000 0.06550515
85.000000 0.06576155
85.100000 0.06601794
85.200000 0.06627433
85.300000 0.06653072
85.400000 0.06678712
85.500000 0.06704351
85.600000 0.06729990
85.700000 0.06755630
85.800000 0.06781269
85.900000 0.06806908
86.000000 0.06832548
86.100000 0.06858187
86.200000 0.06883826
86.300000 0.06909465
86.400000 0.06935105
86.500000 0.06960744
86.600000 0.06986383
86.700000 0.07012023
86.800000 0.07037662
86.900000 0.07063301
87.000000 0.07088941
87.100000 0.07114580
87.200000 0.07140219
87.300000 0.07185241
87.400000 0.07231286
87.500000 0.07277332
87.600000 0.07331860
87.700000 0.07407355
87.800000 0.07482851
87.900000 0.07558347
88.000000 0.07615315
88.100000 0.07632622
88.200000 0.07649929
88.300000 0.07667236
88.400000 0.07684543
88.500000 0.07701850
88.600000 0.07719157
88.700000 0.07736465
88.800000 0.07753772
88.900000 0.07771079
89.000000 0.07788386
89.100000 0.07805693
89.200000 0.07823000
89.300000 0.07840307
89.400000 0.07857615
89.500000 0.07874922
89.600000 0.07892229
89.700000 0.07909536
89.800000 0.07926843
89.900000 0.07944150
90.000000 0.07961457
90.100000 0.07978765
90.200000 0.07996072
90.300000 0.08013379
90.400000 0.08030686
90.500000 0.08047993
90.600000 0.08065300
90.700000 0.08179555
90.800000 0.08319746
90.900000 0.08459937
91.000000 0.08600129
91.100000 0.08696853
91.200000 0.08737921
91.300000 0.08778988
91.400000 0.08820056
91.500000 0.08861123
91.600000 0.08902191
91.700000 0.08943258
91.800000 0.08984326
91.900000 0.09025393
92.000000 0.09066461
92.100000 0.09107528
92.200000 0.09148595
92.300000 0.09189663
92.400000 0.09230730
92.500000 0.09271798
92.600000 0.09312865
92.700000 0.09353933
92.800000 0.09395000
92.900000 0.09436068
93.000000 0.09477135
93.100000 0.09518203
93.200000 0.09559270
93.300000 0.09600337
93.400000 0.09641405
93.500000 0.09682472
93.600000 0.09609854
93.700000 0.09502471
93.800000 0.09395087
93.900000 0.09287704
94.000000 0.09180320
94.100000 0.09072936
94.200000 0.08965553
94.300000 0.08858169
94.400000 0.08750786
94.500000 0.08643402
94.600000 0.08536018
94.700000 0.08428635
94.800000 0.08321251
94.900000 0.08213868
95.000000 0.08106484
95.100000 0.07999100
95.200000 0.07891717
95.300000 0.07784333
95.400000 0.07676950
95.500000 0.07569566
95.600000 0.07462182
95.700000 0.07354799
95.800000 0.07251840
95.900000 0.07263398
96.000000 0.07274956
96.100000 0.07286514
96.200000 0.07298072
96.300000 0.07309630
96.400000 0.07321189
96.500000 0.07332747
96.600000 0.07344305
96.700000 0.07355863
96.800000 0.07367421
96.900000 0.07378979
97.000000 0.07390537
97.100000 0.07402095
97.200000 0.07413653
97.300000 0.07425211
97.400000 0.07436769
97.500000 0.07448327
97.600000 0.07459885
97.700000 0.07471443
97.800000 0.07483001
97.900000 0.07494559
98.000000 0.07506117
98.100000 0.07517675
98.200000 0.07529233
98.300000 0.07540791
98.400000 0.07552349
98.500000 0.07563907
98.600000 0.07575465
98.700000 0.07587023
98.800000 0.07598581
98.900000 0.07610139
99.000000 0.07621697
99.100000 0.07633255
99.200000 0.07644813
99.300000 0.07656371
99.400000 0.07667929
99.500000 0.07679487
99.600000 0.07691045
99.700000 0.07698248
99.800000 0.07705140
99.900000 0.07712031
100.000000 0.07718923
100.100000 0.07725814
100.200000 0.07732705
100.300000 0.07739597
100.400000 0.07746488
100.500000 0.07753380
100.600000 0.07760271
100.700000 0.07767163
100.800000 0.07774054
100.900000 0.07780945
101.000000 0.07787837
101.100000 0.07794728
101.200000 0.07801620
101.300000 0.07808511
101.400000 0.07815403
101.500000 0.07822294
101.600000 0.07829185
101.700000 0.07836077
101.800000 0.07842968
101.900000 0.07849860
102.000000 0.07856751
102.100000 0.07863643
102.200000 0.07870534
102.300000 0.07877425
102.400000 0.07884317
102.500000 0.07891208
102.600000 0.07898100
102.700000 0.07904991
102.800000 0.07911882
102.900000 0.07918774
103.000000 0.07925665
103.100000 0.07932557
103.200000 0.07939448
103.300000 0.07946340
103.400000 0.07953231
103.500000 0.07960122
103.600000 0.07967014
103.700000 0.07973905
103.800000 0.07980797
103.900000 0.07987688
104.000000 0.07994580
104.100000 0.08001471
104.200000 0.08008362
104.300000 0.08015254
104.400000 0.08022145
104.500000 0.08029037
104.600000 0.08035928
104.700000 0.08042820
104.800000 0.08049711
104.900000 0.08056602
105.000000 0.08063494
105.100000 0.08070385
105.200000 0.08077277
105.300000 0.08084168
105.400000 0.08091060
105.500000 0.08097951
105.600000 0.08104842
105.700000 0.08111734
105.800000 0.08118625
105.900000 0.08125517
106.000000 0.08132408
106.100000 0.08139299
106.200000 0.08146191
106.300000 0.08153082
106.400000 0.08159974
106.500000 0.08166865
106.600000 0.08173757
106.700000 0.08180648
106.800000 0.08187539
106.900000 0.08194431
107.000000 0.08201322
107.100000 0.08208214
107.200000 0.08215105
107.300000 0.08221997
107.400000 0.08228888
107.500000 0.08235779
107.600000 0.08242671
107.700000 0.08249562
107.800000 0.08256454
107.900000 0.08263345
108.000000 0.08270237
108.100000 0.08277128
108.200000 0.08284019
108.300000 0.08290911
108.400000 0.08297802
108.500000 0.08304694
108.600000 0.08311585
108.700000 0.08318477
108.800000 0.08325368
108.900000 0.08332259
109.000000 0.08339151
109.100000 0.08346042
109.200000 0.08352934
109.300000 0.08359825
109.400000 0.08366716
109.500000 0.08373608
109.600000 0.08380499
109.700000 0.08387391
109.800000 0.08394282
109.900000 0.08401174
110.000000 0.08408065
110.100000 0.08414956
110.200000 0.08421848
110.300000 0.08428739
110.400000 0.08435631
110.500000 0.08442522
110.600000 0.08449414
110.700000 0.08456305
110.800000 0.08463196
110.900000 0.08470088
111.000000 0.08476979
111.100000 0.08483871
111.200000 0.08476585
111.300000 0.08448520
111.400000 0.08420455
111.500000 0.08392390
111.600000 0.08364325
111.700000 0.08336260
111.800000 0.08308195
111.900000 0.08280131
112.000000 0.08252066
112.100000 0.08224001
112.200000 0.08195936
112.300000 0.08167871
112.400000 0.08139806
112.500000 0.08111741
112.600000 0.08083676
112.700000 0.08055611
112.800000 0.08027546
112.900000 0.07999481
113.000000 0.07971416
113.100000 0.07943351
113.200000 0.07915286
113.300000 0.07887221
113.400000 0.07859156
113.500000 0.07831092
113.600000 0.07803027
113.700000 0.07774962
113.800000 0.07746897
113.900000 0.07718832
114.000000 0.07690767
114.100000 0.07662702
114.200000 0.07634637
114.300000 0.07606572
114.400000 0.07578507
114.500000 0.07550442
114.600000 0.07522377
114.700000 0.07494312
114.800000 0.07466247
114.900000 0.07438182
115.000000 0.07410118
115.100000 0.07382053
115.200000 0.07353988
115.300000 0.07325923
115.400000 0.07297858
115.500000 0.07269793
115.600000 0.07241728
115.700000 0.07213663
115.800000 0.07185598
115.900000 0.07157533
116.000000 0.07131116
116.100000 0.07120232
116.200000 0.07109348
116.300000 0.07098464
116.400000 0.07087579
116.500000 0.07076695
116.600000 0.07065811
116.700000 0.07054926
116.800000 0.07044042
116.900000 0.07033158
117.000000 0.07022273
117.100000 0.07011389
117.200000 0.07000505
117.300000 0.06989621
117.400000 0.06978736
117.500000 0.06967852
117.600000 0.06956968
117.700000 0.06946083
117.800000 0.06935199
117.900000 0.06924315
118.000000 0.06913430
118.100000 0.06902546
118.200000 0.06891662
118.300000 0.06880777
118.400000 0.06869893
118.500000 0.06859009
118.600000 0.06848125
118.700000 0.06801398
118.800000 0.06637459
118.900000 0.06473520
119.000000 0.06309582
119.100000 0.06145643
119.200000 0.05981704
119.300000 0.05817766
119.400000 0.05653827
119.500000 0.05489888
119.600000 0.05325950
119.700000 0.05162011
119.800000 0.04998073
119.900000 0.03035985
