0.000000 0.00000000
0.100000 0.00150308
0.200000 0.00300616
0.300000 0.00450924
0.400000 0.00601232
0.500000 0.00751540
0.600000 0.00901848
0.700000 0.01052156
0.800000 0.01202464
0.900000 0.01352772
1.000000 0.01503080
1.100000 0.01653388
1.200000 0.01803696
1.300000 0.01954004
1.400000 0.02104312
1.500000 0.02254620
1.600000 0.02404928
1.700000 0.02555236
1.800000 0.02705544
1.900000 0.02855852
2.000000 0.03006160
2.100000 0.03156468
2.200000 0.03306776
2.300000 0.03457084
2.400000 0.03607392
2.500000 0.03757700
2.600000 0.03908008
2.700000 0.04058316
2.800000 0.04208623
2.900000 0.04358931
3.000000 0.04509239
3.100000 0.04659547
3.200000 0.04809855
3.300000 0.04960163
3.400000 0.05110471
3.500000 0.05260779
3.600000 0.05411087
3.700000 0.05561395
3.800000 0.05711703
3.900000 0.05862011
4.000000 0.06012319
4.100000 0.06162627
4.200000 0.06312935
4.300000 0.06463243
4.400000 0.06613551
4.500000 0.06763859
4.600000 0.06914167
4.700000 0.07064475
4.800000 0.07214783
4.900000 0.07365091
5.000000 0.07515399
5.100000 0.07665707
5.200000 0.07816015
5.300000 0.07966323
5.400000 0.08116631
5.500000 0.08266939
5.600000 0.08417247
5.700000 0.08567555
5.800000 0.08717863
5.900000 0.08868171
6.000000 0.09018479
6.100000 0.09168787
6.200000 0.09319095
6.300000 0.09469403
6.400000 0.09619711
6.500000 0.09770019
6.600000 0.09920327
6.700000 0.10070635
6.800000 0.10220943
6.900000 0.10371251
7.000000 0.10521559
7.100000 0.10671867
7.200000 0.10822175
7.300000 0.10972483
7.400000 0.11122791
7.500000 0.11273099
7.600000 0.11423407
7.700000 0.11573715
7.800000 0.11724023
7.900000 0.11874331
8.000000 0.12024639
8.100000 0.12174947
8.200000 0.12325254
8.300000 0.12475562
8.400000 0.12625870
8.500000 0.12776178
8.600000 0.12926486
8.700000 0.13076794
8.800000 0.13227102
8.900000 0.13377410
9.000000 0.13527718
9.100000 0.13678026
9.200000 0.13828334
9.300000 0.13978642
9.400000 0.14128950
9.500000 0.14279258
9.600000 0.14429566
9.700000 0.14579874
9.800000 0.14730182
9.900000 0.14880490
10.000000 0.15030798
10.100000 0.15181106
10.200000 0.15331414
10.300000 0.15481722
10.400000 0.15632030
10.500000 0.15782338
10.600000 0.15932646
10.700000 0.16082954
10.800000 0.16233262
10.900000 0.16383570
11.000000 0.16533878
11.100000 0.16684186
11.200000 0.16834494
11.300000 0.16984802
11.400000 0.17135110
11.500000 0.17285418
11.600000 0.17435726
11.700000 0.17586034
11.800000 0.17736342
11.900000 0.17886650
12.000000 0.18036958
12.100000 0.18187266
12.200000 0.18337574
12.300000 0.18487882
12.400000 0.18638190
12.500000 0.18788498
12.600000 0.18938806
12.700000 0.19089114
12.800000 0.19239422
12.900000 0.19389730
13.000000 0.19540038
13.100000 0.19690346
13.200000 0.19840654
13.300000 0.19990962
13.400000 0.20141270
13.500000 0.20291578
13.600000 0.20441885
13.700000 0.20592193
13.800000 0.20742501
13.900000 0.20892809
14.000000 0.21043117
14.100000 0.21193425
14.200000 0.21343733
14.300000 0.21494041
14.400000 0.21644349
14.500000 0.21794657
14.600000 0.21944965
14.700000 0.22095273
14.800000 0.22245581
14.900000 0.22395889
15.000000 0.22546197
15.100000 0.22696505
15.200000 0.22846813
15.300000 0.22997121
15.400000 0.23147429
15.500000 0.23297737
15.600000 0.23448045
15.700000 0.23598353
15.800000 0.23748661
15.900000 0.23898969
16.000000 0.24049277
16.100000 0.24199585
16.200000 0.24349893
16.300000 0.24500201
16.400000 0.24650509
16.500000 0.24800817
16.600000 0.24951125
16.700000 0.25101433
16.800000 0.25251741
16.900000 0.25402049
17.000000 0.25552357
17.100000 0.25702665
17.200000 0.25852973
17.300000 0.26003281
17.400000 0.26153589
17.500000 0.26303897
17.600000 0.26454205
17.700000 0.26604513
17.800000 0.26754821
17.900000 0.26905129
18.000000 0.27055437
18.100000 0.27205745
18.200000 0.27356053
18.300000 0.27506361
18.400000 0.27656669
18.500000 0.27806977
18.600000 0.27957285
18.700000 0.28107593
18.800000 0.28257901
18.900000 0.28408209
19.000000 0.28558516
19.100000 0.28708824
19.200000 0.28859132
19.300000 0.29009440
19.400000 0.29159748
19.500000 0.29310056
19.600000 0.29460364
19.700000 0.29610672
19.800000 0.29760980
19.900000 0.29911288
20.000000 0.30061596
20.100000 0.30211904
20.200000 0.30362212
20.300000 0.30512520
20.400000 0.30662828
20.500000 0.30813136
20.600000 0.30963444
20.700000 0.31113752
20.800000 0.31264060
20.900000 0.31414368
21.000000 0.31564676
21.100000 0.31714984
21.200000 0.31865292
21.300000 0.32015600
21.400000 0.32165908
21.500000 0.32316216
21.600000 0.32466524
21.700000 0.32616832
21.800000 0.32767140
21.900000 0.32917448
22.000000 0.33067756
22.100000 0.33218064
22.200000 0.33368372
22.300000 0.33518680
22.400000 0.33629707
22.500000 0.33734817
22.600000 0.33839927
22.700000 0.33945037
22.800000 0.34050147
22.900000 0.34155257
23.000000 0.34260367
23.100000 0.34365477
23.200000 0.34470587
23.300000 0.34575697
23.400000 0.34680807
23.500000 0.34785917
23.600000 0.34891027
23.700000 0.34996137
23.800000 0.35101247
23.900000 0.35206357
24.000000 0.35311466
24.100000 0.35416576
24.200000 0.35521686
24.300000 0.35626796
24.400000 0.35731906
24.500000 0.35837016
24.600000 0.35942126
24.700000 0.36047236
24.800000 0.36152346
24.900000 0.36257456
25.000000 0.36362566
25.100000 0.36467676
25.200000 0.36572786
25.300000 0.36677896
25.400000 0.36783006
25.500000 0.37134302
25.600000 0.37592072
25.700000 0.38049842
25.800000 0.38507613
25.900000 0.38965383
26.000000 0.39423154
26.100000 0.39880924
26.200000 0.40338695
26.300000 0.40796465
26.400000 0.41254235
26.500000 0.41712006
26.600000 0.42169776
26.700000 0.42627547
26.800000 0.43085317
26.900000 0.43543087
27.000000 0.44000858
27.100000 0.44245013
27.200000 0.44249418
27.300000 0.44253823
27.400000 0.44258228
27.500000 0.44262633
27.600000 0.44267037
27.700000 0.44271442
27.800000 0.44275847
27.900000 0.44280252
28.000000 0.44284657
28.100000 0.44289061
28.200000 0.44293466
28.300000 0.44297871
28.400000 0.44302276
28.500000 0.44306681
28.600000 0.44311085
28.700000 0.44315490
28.800000 0.44319895
28.900000 0.44324300
29.000000 0.44328705
29.100000 0.44333110
29.200000 0.44337514
29.300000 0.44341919
29.400000 0.44346324
29.500000 0.44350729
29.600000 0.44355134
29.700000 0.44359538
29.800000 0.44363943
29.900000 0.44368348
30.000000 0.44372753
30.100000 0.44377158
30.200000 0.44381562
30.300000 0.44385967
30.400000 0.44390372
30.500000 0.44394777
30.600000 0.44399182
30.700000 0.44403586
30.800000 0.44407991
30.900000 0.44412396
31.000000 0.44416801
31.100000 0.44421206
31.200000 0.44425611
31.300000 0.44430015
31.400000 0.44434420
31.500000 0.44438825
31.600000 0.44443230
31.700000 0.44447635
31.800000 0.45436139
31.900000 0.48001033
32.000000 0.50565927
32.100000 0.53130821
32.200000 0.55695715
32.300000 0.58260609
32.400000 0.60825504
32.500000 0.63390398
32.600000 0.65955292
32.700000 0.68520186
32.800000 0.71085080
32.900000 0.73649974
33.000000 0.76214869
33.100000 0.78779763
33.200000 0.80168120
33.300000 0.79027082
33.400000 0.77886044
33.500000 0.76745007
33.600000 0.75603969
33.700000 0.74462931
33.800000 0.73321893
33.900000 0.72180855
34.000000 0.71039818
34.100000 0.69898780
34.200000 0.68757742
34.300000 0.67616704
34.400000 0.66475666
34.500000 0.65334629
34.600000 0.64193591
34.700000 0.63052553
34.800000 0.61911515
34.900000 0.60814085
35.000000 0.59794288
35.100000 0.58774492
35.200000 0.57754695
35.300000 0.56734898
35.400000 0.55715102
35.500000 0.54695305
35.600000 0.53675508
35.700000 0.52655712
35.800000 0.51635915
35.900000 0.50616119
36.000000 0.49596322
36.100000 0.53306948
36.200000 0.57416941
36.300000 0.57956743
36.400000 0.56809818
36.500000 0.55662893
36.600000 0.54515968
36.700000 0.53369043
36.800000 0.52222118
36.900000 0.51075193
37.000000 0.49928268
37.100000 0.48781343
37.200000 0.47634417
37.300000 0.46487492
37.400000 0.45340567
37.500000 0.44193642
37.600000 0.43046717
37.700000 0.41899792
37.800000 0.40752867
37.900000 0.39605942
38.000000 0.38459016
38.100000 0.37312091
38.200000 0.36165166
38.300000 0.35018241
38.400000 0.33871316
38.500000 0.32724391
38.600000 0.31577466
38.700000 0.30430541
38.800000 0.29283615
38.900000 0.28136690
39.000000 0.26989765
39.100000 0.25842840
39.200000 0.24695915
39.300000 0.23548990
39.400000 0.22402065
39.500000 0.21255140
39.600000 0.20108214
39.700000 0.18961289
39.800000 0.17814364
39.900000 0.16667439
40.000000 0.15520514
40.100000 0.14373589
40.200000 0.13226664
40.300000 0.12079739
40.400000 0.11536924
40.500000 0.11437039
40.600000 0.11337154
40.700000 0.11341454
40.800000 0.11404032
40.900000 0.11466610
41.000000 0.11529188
41.100000 0.11591766
41.200000 0.11654345
41.300000 0.11716923
41.400000 0.11779501
41.500000 0.11842079
41.600000 0.11904657
41.700000 0.12114495
41.800000 0.12439248
41.900000 0.12764002
42.000000 0.13088755
42.100000 0.13413509
42.200000 0.13738262
42.300000 0.14063015
42.400000 0.14387769
42.500000 0.14712522
42.600000 0.15037276
42.700000 0.15362029
42.800000 0.15686783
42.900000 0.16011536
43.000000 0.16336289
43.100000 0.16661043
43.200000 0.16985796
43.300000 0.17310550
43.400000 0.17635303
43.500000 0.17960057
43.600000 0.18284810
43.700000 0.18609563
43.800000 0.18934317
43.900000 0.19259070
44.000000 0.19583824
44.100000 0.19908577
44.200000 0.20233331
44.300000 0.20558084
44.400000 0.20882837
44.500000 0.21207591
44.600000 0.21532344
44.700000 0.21857098
44.800000 0.22181851
44.900000 0.22506605
45.000000 0.22831358
45.100000 0.23156111
45.200000 0.23480865
45.300000 0.23805618
45.400000 0.24130372
45.500000 0.24455125
45.600000 0.24428270
45.700000 0.24224193
45.800000 0.24020115
45.900000 0.23816038
46.000000 0.23611961
46.100000 0.23407884
46.200000 0.23203807
46.300000 0.22999730
46.400000 0.22795653
46.500000 0.22591576
46.600000 0.22387498
46.700000 0.22183421
46.800000 0.21979344
46.900000 0.21775267
47.000000 0.21571190
47.100000 0.21367113
47.200000 0.21163036
47.300000 0.20958959
47.400000 0.20754881
47.500000 0.20550804
47.600000 0.20346727
47.700000 0.20142650
47.800000 0.19938573
47.900000 0.19734496
48.000000 0.19530419
48.100000 0.19326342
48.200000 0.19122264
48.300000 0.18918187
48.400000 0.18714110
48.500000 0.18510033
48.600000 0.18305956
48.700000 0.18101879
48.800000 0.17897802
48.900000 0.17693724
49.000000 0.17489647
49.100000 0.17285570
49.200000 0.17081493
49.300000 0.16877416
49.400000 0.16673339
49.500000 0.16469262
49.600000 0.16265185
49.700000 0.16467785
49.800000 0.16810979
49.900000 0.17154173
50.000000 0.17497366
50.100000 0.17840560
50.200000 0.18183754
50.300000 0.18526947
50.400000 0.18870141
50.500000 0.19213334
50.600000 0.19556528
50.700000 0.19899722
50.800000 0.20242915
50.900000 0.20586109
51.000000 0.20929303
51.100000 0.21272496
51.200000 0.21615690
51.300000 0.21958883
51.400000 0.22302077
51.500000 0.22645271
51.600000 0.22988464
51.700000 0.23331658
51.800000 0.23674851
51.900000 0.24018045
52.000000 0.24361239
52.100000 0.24675747
52.200000 0.24988128
52.300000 0.25300510
52.400000 0.25612891
52.500000 0.25925273
52.600000 0.26237654
52.700000 0.26550036
52.800000 0.26862418
52.900000 0.27174799
53.000000 0.27487181
53.100000 0.27799562
53.200000 0.28111944
53.300000 0.28424326
53.400000 0.28736707
53.500000 0.29049089
53.600000 0.29361470
53.700000 0.29673852
53.800000 0.29986234
53.900000 0.30298615
54.000000 0.30610997
54.100000 0.30923378
54.200000 0.31235760
54.300000 0.31548142
54.400000 0.31860523
54.500000 0.32172905
54.600000 0.32485286
54.700000 0.32797668
54.800000 0.33110049
54.900000 0.33422431
55.000000 0.33458619
55.100000 0.32629330
55.200000 0.31800042
55.300000 0.30970753
55.400000 0.30141465
55.500000 0.29312176
55.600000 0.28482888
55.700000 0.27653599
55.800000 0.27015098
55.900000 0.27224500
56.000000 0.27433902
56.100000 0.27643304
56.200000 0.27852705
56.300000 0.28062107
56.400000 0.28271509
56.500000 0.28480911
56.600000 0.28690313
56.700000 0.28899714
56.800000 0.29109116
56.900000 0.29318518
57.000000 0.29527920
57.100000 0.29737321
57.200000 0.29946723
57.300000 0.30156125
57.400000 0.30365527
57.500000 0.30409685
57.600000 0.29683462
57.700000 0.28957239
57.800000 0.28231016
57.900000 0.27504793
58.000000 0.26778570
58.100000 0.26052347
58.200000 0.25326123
58.300000 0.24599900
58.400000 0.23873677
58.500000 0.23147454
58.600000 0.22421231
58.700000 0.21695008
58.800000 0.20968785
58.900000 0.20242562
59.000000 0.19516338
59.100000 0.18790115
59.200000 0.18063892
59.300000 0.17337669
59.400000 0.16611446
59.500000 0.15893813
59.600000 0.15181581
59.700000 0.14469349
59.800000 0.13757116
59.900000 0.13044884
60.000000 0.12332652
60.100000 0.11620420
60.200000 0.11362190
60.300000 0.11304337
60.400000 0.11246483
60.500000 0.11188630
60.600000 0.11130776
60.700000 0.11072923
60.800000 0.11015069
60.900000 0.10957216
61.000000 0.10899363
61.100000 0.10841509
61.200000 0.10783656
61.300000 0.10725802
61.400000 0.10667949
61.500000 0.10610096
61.600000 0.10552242
61.700000 0.10494389
61.800000 0.10481013
61.900000 0.10546268
62.000000 0.10611522
62.100000 0.10676776
62.200000 0.10742030
62.300000 0.10807285
62.400000 0.10872539
62.500000 0.10937793
62.600000 0.11003048
62.700000 0.11068302
62.800000 0.11133556
62.900000 0.11198810
63.000000 0.11264065
63.100000 0.11329319
63.200000 0.11394573
63.300000 0.11459827
63.400000 0.11525082
63.500000 0.11590336
63.600000 0.11655590
63.700000 0.11720844
63.800000 0.11786099
63.900000 0.11851353
64.000000 0.11914570
64.100000 0.11751125
64.200000 0.11587681
64.300000 0.11424236
64.400000 0.11260791
64.500000 0.11097346
64.600000 0.10933901
64.700000 0.10770457
64.800000 0.10607012
64.900000 0.10443567
65.000000 0.10280122
65.100000 0.10116678
65.200000 0.09953233
65.300000 0.09789788
65.400000 0.09626343
65.500000 0.09462898
65.600000 0.09299454
65.700000 0.09136009
65.800000 0.08972564
65.900000 0.08809119
66.000000 0.08645675
66.100000 0.08482230
66.200000 0.08318785
66.300000 0.08155340
66.400000 0.08041610
66.500000 0.08003381
66.600000 0.08007283
66.700000 0.08226630
66.800000 0.08445976
66.900000 0.08665322
67.000000 0.08884669
67.100000 0.09104015
67.200000 0.09323362
67.300000 0.09542708
67.400000 0.09762054
67.500000 0.09981401
67.600000 0.10200747
67.700000 0.10420094
67.800000 0.10639440
67.900000 0.10858786
68.000000 0.11078133
68.100000 0.11297479
68.200000 0.11516825
68.300000 0.11736172
68.400000 0.11955518
68.500000 0.12174865
68.600000 0.12394211
68.700000 0.12562017
68.800000 0.12591891
68.900000 0.12621765
69.000000 0.12651639
69.100000 0.12681513
69.200000 0.12711386
69.300000 0.12741260
69.400000 0.12771134
69.500000 0.12801008
69.600000 0.12830882
69.700000 0.12726979
69.800000 0.12592827
69.900000 0.12458675
70.000000 0.12324522
70.100000 0.12190370
70.200000 0.12056218
70.300000 0.11922066
70.400000 0.11787914
70.500000 0.11653762
70.600000 0.11519610
70.700000 0.11385458
70.800000 0.11251306
70.900000 0.11117154
71.000000 0.10983002
71.100000 0.10848849
71.200000 0.10714697
71.300000 0.10580545
71.400000 0.10446393
71.500000 0.10312241
71.600000 0.10178089
71.700000 0.10043937
71.800000 0.09909785
71.900000 0.09775633
72.000000 0.09641481
72.100000 0.09507329
72.200000 0.09373176
72.300000 0.09239024
72.400000 0.09104872
72.500000 0.08970720
72.600000 0.08836568
72.700000 0.08702416
72.800000 0.08568264
72.900000 0.08434112
73.000000 0.08299960
73.100000 0.08165808
73.200000 0.08031656
73.300000 0.07897503
73.400000 0.07763351
73.500000 0.07629199
73.600000 0.07495047
73.700000 0.07416728
73.800000 0.07350495
73.900000 0.07284261
74.000000 0.07218028
74.100000 0.07151794
74.200000 0.07085561
74.300000 0.07019327
74.400000 0.06953094
74.500000 0.06886860
74.600000 0.06820627
74.700000 0.06754393
74.800000 0.06688160
74.900000 0.06621926
75.000000 0.06555692
75.100000 0.06489459
75.200000 0.06423225
75.300000 0.06356992
75.400000 0.06290758
75.500000 0.06335288
75.600000 0.06489241
75.700000 0.06643194
75.800000 0.06797147
75.900000 0.06951100
76.000000 0.07105052
76.100000 0.07259005
76.200000 0.07412958
76.300000 0.07439642
76.400000 0.07415766
76.500000 0.07391889
76.600000 0.07368013
76.700000 0.07344137
76.800000 0.07320261
76.900000 0.07296384
77.000000 0.07272508
77.100000 0.07248632
77.200000 0.07224756
77.300000 0.07200879
77.400000 0.07177003
77.500000 0.07153127
77.600000 0.07129250
77.700000 0.07105374
77.800000 0.07081498
77.900000 0.07057622
78.000000 0.07033745
78.100000 0.07009869
78.200000 0.06985993
78.300000 0.06962117
78.400000 0.06938240
78.500000 0.06914364
78.600000 0.06890488
78.700000 0.06866612
78.800000 0.06842735
78.900000 0.06818859
79.000000 0.06794983
79.100000 0.06771107
79.200000 0.06747230
79.300000 0.06723354
79.400000 0.06699478
79.500000 0.06675602
79.600000 0.06651725
79.700000 0.06627849
79.800000 0.06603973
79.900000 0.06580097
80.000000 0.06556220
80.100000 0.06532344
80.200000 0.06508468
80.300000 0.06484592
80.400000 0.06460715
80.500000 0.06436839
80.600000 0.06412963
80.700000 0.06389087
80.800000 0.06365210
80.900000 0.06341334
81.000000 0.06317458
81.100000 0.06293582
81.200000 0.06269705
81.300000 0.06245829
81.400000 0.06221953
81.500000 0.06198077
81.600000 0.06174200
81.700000 0.06150324
81.800000 0.06126448
81.900000 0.06102572
82.000000 0.06078695
82.100000 0.06054819
82.200000 0.06030943
82.300000 0.06007067
82.400000 0.05993523
82.500000 0.06018224
82.600000 0.06042926
82.700000 0.06067627
82.800000 0.06092329
82.900000 0.06117030
83.000000 0.06141571
83.100000 0.06165739
83.200000 0.06189907
83.300000 0.06214075
83.400000 0.06238243
83.500000 0.06262411
83.600000 0.06286579
83.700000 0.06310747
83.800000 0.06334915
83.900000 0.06359083
84.000000 0.06383251
84.100000 0.06407419
84.200000 0.06431587
84.300000 0.06455755
84.400000 0.06479923
84.500000 0.06504091
84.600000 0.06528259
84.700000 0.06552427
84.800000 0.06576595
84.900000 0.06600763
85.000000 0.06624931
85.100000 0.06649099
85.200000 0.06673267
85.300000 0.06697435
85.400000 0.06721603
85.500000 0.06745771
85.600000 0.06769939
85.700000 0.06794107
85.800000 0.06818275
85.900000 0.06842443
86.000000 0.06866611
86.100000 0.06890779
86.200000 0.06914947
86.300000 0.06939115
86.400000 0.06963283
86.500000 0.06987451
86.600000 0.07011619
86.700000 0.07035787
86.800000 0.07059955
86.900000 0.07084123
87.000000 0.07108292
87.100000 0.07132460
87.200000 0.07156628
87.300000 0.07197594
87.400000 0.07239447
87.500000 0.07281300
87.600000 0.07335029
87.700000 0.07418113
87.800000 0.07501197
87.900000 0.07584281
88.000000 0.07641425
88.100000 0.07643045
88.200000 0.07644665
88.300000 0.07646284
88.400000 0.07647904
88.500000 0.07649524
88.600000 0.07651144
88.700000 0.07652763
88.800000 0.07654383
88.900000 0.07656003
89.000000 0.07657623
89.100000 0.07659242
89.200000 0.07660862
89.300000 0.07662482
89.400000 0.07664102
89.500000 0.07665722
89.600000 0.07667341
89.700000 0.07668961
89.800000 0.07670581
89.900000 0.07672201
90.000000 0.07673820
90.100000 0.07675440
90.200000 0.07677060
90.300000 0.07678680
90.400000 0.07680299
90.500000 0.07681919
90.600000 0.07683539
90.700000 0.07820885
90.800000 0.07994543
90.900000 0.08168200
91.000000 0.08341858
91.100000 0.08454662
91.200000 0.08489546
91.300000 0.08524430
91.400000 0.08559315
91.500000 0.08594199
91.600000 0.08629083
91.700000 0.08663967
91.800000 0.08698851
91.900000 0.08733736
92.000000 0.08768620
92.100000 0.08803504
92.200000 0.08838388
92.300000 0.08873272
92.400000 0.08908157
92.500000 0.08943041
92.600000 0.08977925
92.700000 0.09012809
92.800000 0.09047693
92.900000 0.09082578
93.000000 0.09117462
93.100000 0.09152346
93.200000 0.09187230
93.300000 0.09222114
93.400000 0.09256999
93.500000 0.09291883
93.600000 0.09228240
93.700000 0.09134466
93.800000 0.09040693
93.900000 0.08946919
94.000000 0.08853146
94.100000 0.08759373
94.200000 0.08665599
94.300000 0.08571826
94.400000 0.08478053
94.500000 0.08384279
94.600000 0.08290506
94.700000 0.08196732
94.800000 0.08102959
94.900000 0.08009186
95.000000 0.07915412
95.100000 0.07821639
95.200000 0.07727866
95.300000 0.07634092
95.400000 0.07540319
95.500000 0.07446545
95.600000 0.07352772
95.700000 0.07258999
95.800000 0.07169060
95.900000 0.07178370
96.000000 0.07187679
96.100000 0.07196988
96.200000 0.07206298
96.300000 0.07215607
96.400000 0.07224916
96.500000 0.07234226
96.600000 0.07243535
96.700000 0.07252845
96.800000 0.07262154
96.900000 0.07271463
97.000000 0.07280773
97.100000 0.07290082
97.200000 0.07299391
97.300000 0.07308701
97.400000 0.07318010
97.500000 0.07327319
97.600000 0.07336629
97.700000 0.07345938
97.800000 0.07355247
97.900000 0.07364557
98.000000 0.07373866
98.100000 0.07383175
98.200000 0.07392485
98.300000 0.07401794
98.400000 0.07411104
98.500000 0.07420413
98.600000 0.07429722
98.700000 0.07439032
98.800000 0.07448341
98.900000 0.07457650
99.000000 0.07466960
99.100000 0.07476269
99.200000 0.07485578
99.300000 0.07494888
99.400000 0.07504197
99.500000 0.07513506
99.600000 0.07522816
99.700000 0.07528351
99.800000 0.07533616
99.900000 0.07538881
100.000000 0.07544146
100.100000 0.07549411
100.200000 0.07554676
100.300000 0.07559941
100.400000 0.07565206
100.500000 0.07570471
100.600000 0.07575736
100.700000 0.07581001
100.800000 0.07586266
100.900000 0.07591531
101.000000 0.07596796
101.100000 0.07602061
101.200000 0.07607325
101.300000 0.07612590
101.400000 0.07617855
101.500000 0.07623120
101.600000 0.07628385
101.700000 0.07633650
101.800000 0.07638915
101.900000 0.07644180
102.000000 0.07649445
102.100000 0.07654710
102.200000 0.07659975
102.300000 0.07665240
102.400000 0.07670505
102.500000 0.07675770
102.600000 0.07681035
102.700000 0.07686300
102.800000 0.07691565
102.900000 0.07696830
103.000000 0.07702095
103.100000 0.07707360
103.200000 0.07712625
103.300000 0.07717890
103.400000 0.07723155
103.500000 0.07728420
103.600000 0.07733685
103.700000 0.07738950
103.800000 0.07744215
103.900000 0.07749480
104.000000 0.07754745
104.100000 0.07760010
104.200000 0.07765275
104.300000 0.07770540
104.400000 0.07775805
104.500000 0.07781070
104.600000 0.07786335
104.700000 0.07791599
104.800000 0.07796864
104.900000 0.07802129
105.000000 0.07807394
105.100000 0.07812659
105.200000 0.07817924
105.300000 0.07823189
105.400000 0.07828454
105.500000 0.07833719
105.600000 0.07838984
105.700000 0.07844249
105.800000 0.07849514
105.900000 0.07854779
106.000000 0.07860044
106.100000 0.07865309
106.200000 0.07870574
106.300000 0.07875839
106.400000 0.07881104
106.500000 0.07886369
106.600000 0.07891634
106.700000 0.07896899
106.800000 0.07902164
106.900000 0.07907429
107.000000 0.07912694
107.100000 0.07917959
107.200000 0.07923224
107.300000 0.07928489
107.400000 0.07933754
107.500000 0.07939019
107.600000 0.07944284
107.700000 0.07949549
107.800000 0.07954814
107.900000 0.07960079
108.000000 0.07965344
108.100000 0.07970608
108.200000 0.07975873
108.300000 0.07981138
108.400000 0.07986403
108.500000 0.07991668
108.600000 0.07996933
108.700000 0.08002198
108.800000 0.08007463
108.900000 0.08012728
109.000000 0.08017993
109.100000 0.08023258
109.200000 0.08028523
109.300000 0.08033788
109.400000 0.08039053
109.500000 0.08044318
109.600000 0.08049583
109.700000 0.08054848
109.800000 0.08060113
109.900000 0.08065378
110.000000 0.08070643
110.100000 0.08075908
110.200000 0.08081173
110.300000 0.08086438
110.400000 0.08091703
110.500000 0.08096968
110.600000 0.08102233
110.700000 0.08107498
110.800000 0.08112763
110.900000 0.08118028
111.000000 0.08123293
111.100000 0.08128558
111.200000 0.08121536
111.300000 0.08096505
111.400000 0.08071475
111.500000 0.08046444
111.600000 0.08021414
111.700000 0.07996383
111.800000 0.07971353
111.900000 0.07946322
112.000000 0.07921291
112.100000 0.07896261
112.200000 0.07871230
112.300000 0.07846200
112.400000 0.07821169
112.500000 0.07796139
112.600000 0.07771108
112.700000 0.07746078
112.800000 0.07721047
112.900000 0.07696017
113.000000 0.07670986
113.100000 0.07645956
113.200000 0.07620925
113.300000 0.07595894
113.400000 0.07570864
113.500000 0.07545833
113.600000 0.07520803
113.700000 0.07495772
113.800000 0.07470742
113.900000 0.07445711
114.000000 0.07420681
114.100000 0.07395650
114.200000 0.07370620
114.300000 0.07345589
114.400000 0.07320559
114.500000 0.07295528
114.600000 0.07270497
114.700000 0.07245467
114.800000 0.07220436
114.900000 0.07195406
115.000000 0.07170375
115.100000 0.07145345
115.200000 0.07120314
115.300000 0.07095284
115.400000 0.07070253
115.500000 0.07045223
115.600000 0.07020192
115.700000 0.06995161
115.800000 0.06970131
115.900000 0.06945100
116.000000 0.06922378
116.100000 0.06921400
116.200000 0.06920422
116.300000 0.06919445
116.400000 0.06918467
116.500000 0.06917489
116.600000 0.06916512
116.700000 0.06915534
116.800000 0.06914556
116.900000 0.06913579
117.000000 0.06912601
117.100000 0.06911623
117.200000 0.06910646
117.300000 0.06909668
117.400000 0.06908690
117.500000 0.06907713
117.600000 0.06906735
117.700000 0.06905757
117.800000 0.06904780
117.900000 0.06903802
118.000000 0.06902824
118.100000 0.06901847
118.200000 0.06900869
118.300000 0.06899891
118.400000 0.06898914
118.500000 0.06897936
118.600000 0.06896958
118.700000 0.06845801
118.800000 0.06630547
118.900000 0.06415293
119.000000 0.06200040
119.100000 0.05984786
119.200000 0.05769532
119.300000 0.05554279
119.400000 0.05339025
119.500000 0.05123771
119.600000 0.04908517
119.700000 0.04693264
119.800000 0.04478010
119.900000 0.02704360
