0.000000 0.00000000
0.100000 0.00353442
0.200000 0.00706885
0.300000 0.01060327
0.400000 0.01413770
0.500000 0.01767212
0.600000 0.02120655
0.700000 0.02474097
0.800000 0.02827540
0.900000 0.03180982
1.000000 0.03534425
1.100000 0.03887867
1.200000 0.04241310
1.300000 0.04594752
1.400000 0.04948195
1.500000 0.05301637
1.600000 0.05655080
1.700000 0.06008522
1.800000 0.06361965
1.900000 0.06715407
2.000000 0.07068850
2.100000 0.07422292
2.200000 0.07775735
2.300000 0.08129177
2.400000 0.08482620
2.500000 0.08836062
2.600000 0.09189505
2.700000 0.09542947
2.800000 0.09896390
2.900000 0.10249832
3.000000 0.10603275
3.100000 0.10956717
3.200000 0.11310160
3.300000 0.11663602
3.400000 0.12017045
3.500000 0.12370487
3.600000 0.12723930
3.700000 0.13077372
3.800000 0.13430815
3.900000 0.13784257
4.000000 0.14137700
4.100000 0.14491142
4.200000 0.14844585
4.300000 0.15198027
4.400000 0.15551470
4.500000 0.15904912
4.600000 0.16258355
4.700000 0.16611797
4.800000 0.16965240
4.900000 0.17318682
5.000000 0.17672125
5.100000 0.18025567
5.200000 0.18379010
5.300000 0.18732452
5.400000 0.19085895
5.500000 0.19439337
5.600000 0.19792780
5.700000 0.20146222
5.800000 0.20499665
5.900000 0.20853107
6.000000 0.21206550
6.100000 0.21559992
6.200000 0.21913435
6.300000 0.22266877
6.400000 0.22620320
6.500000 0.22973762
6.600000 0.23327205
6.700000 0.23680647
6.800000 0.24034090
6.900000 0.24387532
7.000000 0.24740975
7.100000 0.25094417
7.200000 0.25447860
7.300000 0.25801302
7.400000 0.26154745
7.500000 0.26508187
7.600000 0.26861630
7.700000 0.27215072
7.800000 0.27568515
7.900000 0.27921957
8.000000 0.28275400
8.100000 0.28628842
8.200000 0.28982285
8.300000 0.29335727
8.400000 0.29689170
8.500000 0.30042612
8.600000 0.30396055
8.700000 0.30749497
8.800000 0.31102939
8.900000 0.31456382
9.000000 0.31809824
9.100000 0.32163267
9.200000 0.32516709
9.300000 0.32870152
9.400000 0.33223594
9.500000 0.33577037
9.600000 0.33930479
9.700000 0.34283922
9.800000 0.34637364
9.900000 0.34990807
10.000000 0.35344249
10.100000 0.35697692
10.200000 0.36051134
10.300000 0.36404577
10.400000 0.36758019
10.500000 0.37111462
10.600000 0.37464904
10.700000 0.37818347
10.800000 0.38171789
10.900000 0.38525232
11.000000 0.38878674
11.100000 0.39232117
11.200000 0.39585559
11.300000 0.39939002
11.400000 0.40292444
11.500000 0.40645887
11.600000 0.40999329
11.700000 0.41352772
11.800000 0.41706214
11.900000 0.42059657
12.000000 0.42413099
12.100000 0.42766542
12.200000 0.43119984
12.300000 0.43473427
12.400000 0.43826869
12.500000 0.44180312
12.600000 0.44533754
12.700000 0.44887197
12.800000 0.45240639
12.900000 0.45594082
13.000000 0.45947524
13.100000 0.46300967
13.200000 0.46654409
13.300000 0.47007852
13.400000 0.47361294
13.500000 0.47714737
13.600000 0.48068179
13.700000 0.48421622
13.800000 0.48775064
13.900000 0.49128507
14.000000 0.49481949
14.100000 0.49835392
14.200000 0.50188834
14.300000 0.50542277
14.400000 0.50895719
14.500000 0.51249162
14.600000 0.51602604
14.700000 0.51956047
14.800000 0.52309489
14.900000 0.52662932
15.000000 0.53016374
15.100000 0.53369817
15.200000 0.53723259
15.300000 0.54076702
15.400000 0.54430144
15.500000 0.54783587
15.600000 0.55137029
15.700000 0.55490472
15.800000 0.55843914
15.900000 0.56197357
16.000000 0.56550799
16.100000 0.56904242
16.200000 0.57257684
16.300000 0.57611127
16.400000 0.57964569
16.500000 0.58318012
16.600000 0.58671454
16.700000 0.59024897
16.800000 0.59378339
16.900000 0.59731782
17.000000 0.60085224
17.100000 0.60438667
17.200000 0.60792109
17.300000 0.61145552
17.400000 0.61498994
17.500000 0.61852437
17.600000 0.62205879
17.700000 0.62559321
17.800000 0.62912764
17.900000 0.63266206
18.000000 0.63619649
18.100000 0.63973091
18.200000 0.64326534
18.300000 0.64679976
18.400000 0.65033419
18.500000 0.65386861
18.600000 0.65740304
18.700000 0.66093746
18.800000 0.66447189
18.900000 0.66800631
19.000000 0.67154074
19.100000 0.67507516
19.200000 0.67860959
19.300000 0.68214401
19.400000 0.68567844
19.500000 0.68921286
19.600000 0.69274729
19.700000 0.69628171
19.800000 0.69981614
19.900000 0.70335056
20.000000 0.70688499
20.100000 0.71041941
20.200000 0.71395384
20.300000 0.71748826
20.400000 0.72102269
20.500000 0.72455711
20.600000 0.72809154
20.700000 0.73162596
20.800000 0.73516039
20.900000 0.73869481
21.000000 0.74222924
21.100000 0.74576366
21.200000 0.74929809
21.300000 0.75283251
21.400000 0.75636694
21.500000 0.75990136
21.600000 0.76343579
21.700000 0.76697021
21.800000 0.77050464
21.900000 0.77403906
22.000000 0.77757349
22.100000 0.78110791
22.200000 0.78464234
22.300000 0.78817676
22.400000 0.79168097
22.500000 0.79518063
22.600000 0.79868029
22.700000 0.80217994
22.800000 0.80567960
22.900000 0.80917926
23.000000 0.81267891
23.100000 0.81617857
23.200000 0.81967823
23.300000 0.82317789
23.400000 0.82667754
23.500000 0.83017720
23.600000 0.83367686
23.700000 0.83717652
23.800000 0.84067617
23.900000 0.84417583
24.000000 0.84767549
24.100000 0.85117514
24.200000 0.85467480
24.300000 0.85817446
24.400000 0.86167412
24.500000 0.86517377
24.600000 0.86867343
24.700000 0.87217309
24.800000 0.87567274
24.900000 0.87917240
25.000000 0.88267206
25.100000 0.88617172
25.200000 0.88967137
25.300000 0.89317103
25.400000 0.89667069
25.500000 0.90035972
25.600000 0.90413065
25.700000 0.90790159
25.800000 0.91167252
25.900000 0.91544346
26.000000 0.91921439
26.100000 0.92298533
26.200000 0.92675626
26.300000 0.93052720
26.400000 0.93429813
26.500000 0.93806906
26.600000 0.94184000
26.700000 0.94561093
26.800000 0.94938187
26.900000 0.95315280
27.000000 0.95692374
27.100000 0.95489655
27.200000 0.94636185
27.300000 0.93782714
27.400000 0.92929244
27.500000 0.92075774
27.600000 0.91222303
27.700000 0.90368833
27.800000 0.89515362
27.900000 0.88661892
28.000000 0.87808422
28.100000 0.86954951
28.200000 0.86101481
28.300000 0.85248011
28.400000 0.84394540
28.500000 0.83541070
28.600000 0.82687600
28.700000 0.81834129
28.800000 0.80980659
28.900000 0.80127189
29.000000 0.79273718
29.100000 0.78420248
29.200000 0.77566778
29.300000 0.76713307
29.400000 0.75859837
29.500000 0.75006367
29.600000 0.74152896
29.700000 0.73299426
29.800000 0.72445956
29.900000 0.71592485
30.000000 0.70739015
30.100000 0.69885545
30.200000 0.69032074
30.300000 0.68178604
30.400000 0.67325134
30.500000 0.66471663
30.600000 0.65618193
30.700000 0.64764722
30.800000 0.63911252
30.900000 0.63057782
31.000000 0.62204311
31.100000 0.61350841
31.200000 0.60497371
31.300000 0.59643900
31.400000 0.58790430
31.500000 0.57936960
31.600000 0.57083489
31.700000 0.56230019
31.800000 0.55452249
31.900000 0.54795739
32.000000 0.54139229
32.100000 0.53482720
32.200000 0.52826210
32.300000 0.52169701
32.400000 0.51513191
32.500000 0.50856681
32.600000 0.50200172
32.700000 0.49543662
32.800000 0.48887152
32.900000 0.48230643
33.000000 0.47574133
33.100000 0.46917624
33.200000 0.46170611
33.300000 0.45229030
33.400000 0.44287448
33.500000 0.43345867
33.600000 0.42404286
33.700000 0.41462704
33.800000 0.40521123
33.900000 0.39579542
34.000000 0.38637961
34.100000 0.37696379
34.200000 0.36754798
34.300000 0.35813217
34.400000 0.34871635
34.500000 0.33930054
34.600000 0.32988473
34.700000 0.32046891
34.800000 0.31105310
34.900000 0.30282092
35.000000 0.29669594
35.100000 0.29057095
35.200000 0.28444597
35.300000 0.27832099
35.400000 0.27219601
35.500000 0.26607102
35.600000 0.25994604
35.700000 0.25382106
35.800000 0.24769608
35.900000 0.24157110
36.000000 0.23544611
36.100000 0.35771832
36.200000 0.49083049
36.300000 0.52703748
36.400000 0.51746187
36.500000 0.50788625
36.600000 0.49831064
36.700000 0.48873503
36.800000 0.47915942
36.900000 0.46958380
37.000000 0.46000819
37.100000 0.45043258
37.200000 0.44085697
37.300000 0.43128136
37.400000 0.42170574
37.500000 0.41213013
37.600000 0.40255452
37.700000 0.39297891
37.800000 0.38340329
37.900000 0.37382768
38.000000 0.36425207
38.100000 0.35467646
38.200000 0.34510085
38.300000 0.33552523
38.400000 0.32594962
38.500000 0.31637401
38.600000 0.30679840
38.700000 0.29722278
38.800000 0.28764717
38.900000 0.27807156
39.000000 0.26849595
39.100000 0.25892033
39.200000 0.24934472
39.300000 0.23976911
39.400000 0.23019350
39.500000 0.22061789
39.600000 0.21104227
39.700000 0.20146666
39.800000 0.19189105
39.900000 0.18231544
40.000000 0.17273982
40.100000 0.16316421
40.200000 0.15358860
40.300000 0.14401299
40.400000 0.13490208
40.500000 0.12613188
40.600000 0.11736168
40.700000 0.11141937
40.800000 0.10705889
40.900000 0.10269842
41.000000 0.09833794
41.100000 0.09397746
41.200000 0.08961699
41.300000 0.08525651
41.400000 0.08089604
41.500000 0.07653556
41.600000 0.07217508
41.700000 0.07181165
41.800000 0.07456736
41.900000 0.07732307
42.000000 0.08007878
42.100000 0.08283449
42.200000 0.08559020
42.300000 0.08834591
42.400000 0.09110162
42.500000 0.09385733
42.600000 0.09661304
42.700000 0.09936875
42.800000 0.10212446
42.900000 0.10488017
43.000000 0.10763588
43.100000 0.11039159
43.200000 0.11314730
43.300000 0.11590301
43.400000 0.11865872
43.500000 0.12141443
43.600000 0.12417014
43.700000 0.12692585
43.800000 0.12968156
43.900000 0.13243727
44.000000 0.13519298
44.100000 0.13794869
44.200000 0.14070440
44.300000 0.14346011
44.400000 0.14621582
44.500000 0.14897153
44.600000 0.15172724
44.700000 0.15448294
44.800000 0.15723865
44.900000 0.15999436
45.000000 0.16275007
45.100000 0.16550578
45.200000 0.16826149
45.300000 0.17101720
45.400000 0.17377291
45.500000 0.17652862
45.600000 0.17901386
45.700000 0.18136278
45.800000 0.18371170
45.900000 0.18606062
46.000000 0.18840953
46.100000 0.19075845
46.200000 0.19310737
46.300000 0.19545628
46.400000 0.19780520
46.500000 0.20015412
46.600000 0.20250303
46.700000 0.20485195
46.800000 0.20720087
46.900000 0.20954979
47.000000 0.21189870
47.100000 0.21424762
47.200000 0.21659654
47.300000 0.21894545
47.400000 0.22129437
47.500000 0.22364329
47.600000 0.22599220
47.700000 0.22834112
47.800000 0.23069004
47.900000 0.23303896
48.000000 0.23538787
48.100000 0.23773679
48.200000 0.24008571
48.300000 0.24243462
48.400000 0.24478354
48.500000 0.24713246
48.600000 0.24948137
48.700000 0.25183029
48.800000 0.25417921
48.900000 0.25652813
49.000000 0.25887704
49.100000 0.26122596
49.200000 0.26357488
49.300000 0.26592379
49.400000 0.26827271
49.500000 0.27062163
49.600000 0.27297054
49.700000 0.27563229
49.800000 0.27840219
49.900000 0.28117208
50.000000 0.28394197
50.100000 0.28671187
50.200000 0.28948176
50.300000 0.29225166
50.400000 0.29502155
50.500000 0.29779145
50.600000 0.30056134
50.700000 0.30333124
50.800000 0.30610113
50.900000 0.30887102
51.000000 0.31164092
51.100000 0.31441081
51.200000 0.31718071
51.300000 0.31995060
51.400000 0.32272050
51.500000 0.32549039
51.600000 0.32826029
51.700000 0.33103018
51.800000 0.33380008
51.900000 0.33656997
52.000000 0.33933986
52.100000 0.34133114
52.200000 0.34326471
52.300000 0.34519828
52.400000 0.34713185
52.500000 0.34906542
52.600000 0.35099898
52.700000 0.35293255
52.800000 0.35486612
52.900000 0.35679969
53.000000 0.35873326
53.100000 0.36066682
53.200000 0.36260039
53.300000 0.36453396
53.400000 0.36646753
53.500000 0.36840110
53.600000 0.37033466
53.700000 0.37226823
53.800000 0.37420180
53.900000 0.37613537
54.000000 0.37806894
54.100000 0.38000250
54.200000 0.38193607
54.300000 0.38386964
54.400000 0.38580321
54.500000 0.38773678
54.600000 0.38967034
54.700000 0.39160391
54.800000 0.39353748
54.900000 0.39547105
55.000000 0.38990792
55.100000 0.36085330
55.200000 0.33179869
55.300000 0.30274407
55.400000 0.27368945
55.500000 0.24463483
55.600000 0.21558021
55.700000 0.18652559
55.800000 0.16264948
55.900000 0.16178788
56.000000 0.16092629
56.100000 0.16006469
56.200000 0.15920309
56.300000 0.15834149
56.400000 0.15747989
56.500000 0.15661829
56.600000 0.15575670
56.700000 0.15489510
56.800000 0.15403350
56.900000 0.15317190
57.000000 0.15231030
57.100000 0.15144870
57.200000 0.15058710
57.300000 0.14972551
57.400000 0.14886391
57.500000 0.14787520
57.600000 0.14629389
57.700000 0.14471258
57.800000 0.14313127
57.900000 0.14154996
58.000000 0.13996865
58.100000 0.13838734
58.200000 0.13680603
58.300000 0.13522472
58.400000 0.13364341
58.500000 0.13206210
58.600000 0.13048079
58.700000 0.12889948
58.800000 0.12731817
58.900000 0.12573686
59.000000 0.12415555
59.100000 0.12257424
59.200000 0.12099293
59.300000 0.11941162
59.400000 0.11783031
59.500000 0.11648216
59.600000 0.11528061
59.700000 0.11407905
59.800000 0.11287750
59.900000 0.11167594
60.000000 0.11047439
60.100000 0.10927284
60.200000 0.10842052
60.300000 0.10772233
60.400000 0.10702415
60.500000 0.10632596
60.600000 0.10562778
60.700000 0.10492959
60.800000 0.10423141
60.900000 0.10353322
61.000000 0.10283504
61.100000 0.10213685
61.200000 0.10143867
61.300000 0.10074048
61.400000 0.10004230
61.500000 0.09934411
61.600000 0.09864593
61.700000 0.09794774
61.800000 0.09845681
61.900000 0.10110012
62.000000 0.10374343
62.100000 0.10638674
62.200000 0.10903005
62.300000 0.11167336
62.400000 0.11431666
62.500000 0.11695997
62.600000 0.11960328
62.700000 0.12224659
62.800000 0.12488990
62.900000 0.12753321
63.000000 0.13017652
63.100000 0.13281982
63.200000 0.13546313
63.300000 0.13810644
63.400000 0.14074975
63.500000 0.14339306
63.600000 0.14603637
63.700000 0.14867968
63.800000 0.15132298
63.900000 0.15396629
64.000000 0.15655431
64.100000 0.15299007
64.200000 0.14942584
64.300000 0.14586160
64.400000 0.14229736
64.500000 0.13873313
64.600000 0.13516889
64.700000 0.13160465
64.800000 0.12804042
64.900000 0.12447618
65.000000 0.12091194
65.100000 0.11734771
65.200000 0.11378347
65.300000 0.11021923
65.400000 0.10665500
65.500000 0.10309076
65.600000 0.09952652
65.700000 0.09596228
65.800000 0.09239805
65.900000 0.08883381
66.000000 0.08526957
66.100000 0.08170534
66.200000 0.07814110
66.300000 0.07457686
66.400000 0.07105087
66.500000 0.06758295
66.600000 0.06525861
66.700000 0.06878204
66.800000 0.07230546
66.900000 0.07582889
67.000000 0.07935232
67.100000 0.08287574
67.200000 0.08639917
67.300000 0.08992259
67.400000 0.09344602
67.500000 0.09696944
67.600000 0.10049287
67.700000 0.10401630
67.800000 0.10753972
67.900000 0.11106315
68.000000 0.11458657
68.100000 0.11811000
68.200000 0.12163343
68.300000 0.12515685
68.400000 0.12868028
68.500000 0.13220370
68.600000 0.13572713
68.700000 0.13785160
68.800000 0.13623220
68.900000 0.13461280
69.000000 0.13299340
69.100000 0.13137400
69.200000 0.12975460
69.300000 0.12813521
69.400000 0.12651581
69.500000 0.12489641
69.600000 0.12327701
69.700000 0.12155470
69.800000 0.11980913
69.900000 0.11806355
70.000000 0.11631798
70.100000 0.11457241
70.200000 0.11282683
70.300000 0.11108126
70.400000 0.10933569
70.500000 0.10759011
70.600000 0.10584454
70.700000 0.10409897
70.800000 0.10235339
70.900000 0.10060782
71.000000 0.09886225
71.100000 0.09711667
71.200000 0.09537110
71.300000 0.09362553
71.400000 0.09187995
71.500000 0.09013438
71.600000 0.08838881
71.700000 0.08664323
71.800000 0.08489766
71.900000 0.08315209
72.000000 0.08140651
72.100000 0.07966094
72.200000 0.07791536
72.300000 0.07616979
72.400000 0.07442422
72.500000 0.07267864
72.600000 0.07093307
72.700000 0.06918750
72.800000 0.06744192
72.900000 0.06569635
73.000000 0.06395078
73.100000 0.06220520
73.200000 0.06045963
73.300000 0.05871406
73.400000 0.05696848
73.500000 0.05522291
73.600000 0.05347734
73.700000 0.05324724
73.800000 0.05334517
73.900000 0.05344310
74.000000 0.05354103
74.100000 0.05363896
74.200000 0.05373689
74.300000 0.05383482
74.400000 0.05393275
74.500000 0.05403068
74.600000 0.05412861
74.700000 0.05422654
74.800000 0.05432447
74.900000 0.05442240
75.000000 0.05452033
75.100000 0.05461826
75.200000 0.05471619
75.300000 0.05481412
75.400000 0.05491205
75.500000 0.05509518
75.600000 0.05536249
75.700000 0.05562979
75.800000 0.05589710
75.900000 0.05616440
76.000000 0.05643171
76.100000 0.05669901
76.200000 0.05696631
76.300000 0.05713572
76.400000 0.05726623
76.500000 0.05739674
76.600000 0.05752726
76.700000 0.05765777
76.800000 0.05778828
76.900000 0.05791879
77.000000 0.05804931
77.100000 0.05817982
77.200000 0.05831033
77.300000 0.05844085
77.400000 0.05857136
77.500000 0.05870187
77.600000 0.05883238
77.700000 0.05896290
77.800000 0.05909341
77.900000 0.05922392
78.000000 0.05935443
78.100000 0.05948495
78.200000 0.05961546
78.300000 0.05974597
78.400000 0.05987648
78.500000 0.06000700
78.600000 0.06013751
78.700000 0.06026802
78.800000 0.06039854
78.900000 0.06052905
79.000000 0.06065956
79.100000 0.06079007
79.200000 0.06092059
79.300000 0.06105110
79.400000 0.06118161
79.500000 0.06131212
79.600000 0.06144264
79.700000 0.06157315
79.800000 0.06170366
79.900000 0.06183418
80.000000 0.06196469
80.100000 0.06209520
80.200000 0.06222571
80.300000 0.06235623
80.400000 0.06248674
80.500000 0.06261725
80.600000 0.06274776
80.700000 0.06287828
80.800000 0.06300879
80.900000 0.06313930
81.000000 0.06326981
81.100000 0.06340033
81.200000 0.06353084
81.300000 0.06366135
81.400000 0.06379187
81.500000 0.06392238
81.600000 0.06405289
81.700000 0.06418340
81.800000 0.06431392
81.900000 0.06444443
82.000000 0.06457494
82.100000 0.06470545
82.200000 0.06483597
82.300000 0.06496648
82.400000 0.06510494
82.500000 0.06527282
82.600000 0.06544070
82.700000 0.06560858
82.800000 0.06577646
82.900000 0.06594434
83.000000 0.06610787
83.100000 0.06626128
83.200000 0.06641468
83.300000 0.06656808
83.400000 0.06672148
83.500000 0.06687489
83.600000 0.06702829
83.700000 0.06718169
83.800000 0.06733509
83.900000 0.06748850
84.000000 0.06764190
84.100000 0.06779530
84.200000 0.06794870
84.300000 0.06810211
84.400000 0.06825551
84.500000 0.06840891
84.600000 0.06856231
84.700000 0.06871572
84.800000 0.06886912
84.900000 0.06902252
85.000000 0.06917592
85.100000 0.06932932
85.200000 0.06948273
85.300000 0.06963613
85.400000 0.06978953
85.500000 0.06994293
85.600000 0.07009634
85.700000 0.07024974
85.800000 0.07040314
85.900000 0.07055654
86.000000 0.07070995
86.100000 0.07086335
86.200000 0.07101675
86.300000 0.07117015
86.400000 0.07132356
86.500000 0.07147696
86.600000 0.07163036
86.700000 0.07178376
86.800000 0.07193716
86.900000 0.07209057
87.000000 0.07224397
87.100000 0.07239737
87.200000 0.07255077
87.300000 0.07271710
87.400000 0.07288410
87.500000 0.07305111
87.600000 0.07354046
87.700000 0.07482659
87.800000 0.07611271
87.900000 0.07739884
88.000000 0.07798088
88.100000 0.07705584
88.200000 0.07613079
88.300000 0.07520575
88.400000 0.07428070
88.500000 0.07335566
88.600000 0.07243061
88.700000 0.07150557
88.800000 0.07058052
88.900000 0.06965547
89.000000 0.06873043
89.100000 0.06780538
89.200000 0.06688034
89.300000 0.06595529
89.400000 0.06503025
89.500000 0.06410520
89.600000 0.06318016
89.700000 0.06225511
89.800000 0.06133006
89.900000 0.06040502
90.000000 0.05947997
90.100000 0.05855493
90.200000 0.05762988
90.300000 0.05670484
90.400000 0.05577979
90.500000 0.05485475
90.600000 0.05392970
90.700000 0.05668866
90.800000 0.06043321
90.900000 0.06417776
91.000000 0.06792231
91.100000 0.07001513
91.200000 0.06999298
91.300000 0.06997083
91.400000 0.06994867
91.500000 0.06992652
91.600000 0.06990437
91.700000 0.06988221
91.800000 0.06986006
91.900000 0.06983791
92.000000 0.06981575
92.100000 0.06979360
92.200000 0.06977145
92.300000 0.06974929
92.400000 0.06972714
92.500000 0.06970499
92.600000 0.06968283
92.700000 0.06966068
92.800000 0.06963853
92.900000 0.06961637
93.000000 0.06959422
93.100000 0.06957207
93.200000 0.06954991
93.300000 0.06952776
93.400000 0.06950560
93.500000 0.06948345
93.600000 0.06938551
93.700000 0.06926439
93.800000 0.06914327
93.900000 0.06902214
94.000000 0.06890102
94.100000 0.06877990
94.200000 0.06865878
94.300000 0.06853766
94.400000 0.06841654
94.500000 0.06829542
94.600000 0.06817430
94.700000 0.06805318
94.800000 0.06793206
94.900000 0.06781094
95.000000 0.06768982
95.100000 0.06756869
95.200000 0.06744757
95.300000 0.06732645
95.400000 0.06720533
95.500000 0.06708421
95.600000 0.06696309
95.700000 0.06684197
95.800000 0.06672380
95.900000 0.06668197
96.000000 0.06664015
96.100000 0.06659832
96.200000 0.06655649
96.300000 0.06651467
96.400000 0.06647284
96.500000 0.06643101
96.600000 0.06638919
96.700000 0.06634736
96.800000 0.06630553
96.900000 0.06626371
97.000000 0.06622188
97.100000 0.06618006
97.200000 0.06613823
97.300000 0.06609640
97.400000 0.06605458
97.500000 0.06601275
97.600000 0.06597092
97.700000 0.06592910
97.800000 0.06588727
97.900000 0.06584544
98.000000 0.06580362
98.100000 0.06576179
98.200000 0.06571997
98.300000 0.06567814
98.400000 0.06563631
98.500000 0.06559449
98.600000 0.06555266
98.700000 0.06551083
98.800000 0.06546901
98.900000 0.06542718
99.000000 0.06538535
99.100000 0.06534353
99.200000 0.06530170
99.300000 0.06525987
99.400000 0.06521805
99.500000 0.06517622
99.600000 0.06513440
99.700000 0.06508967
99.800000 0.06504473
99.900000 0.06499979
100.000000 0.06495485
100.100000 0.06490992
100.200000 0.06486498
100.300000 0.06482004
100.400000 0.06477510
100.500000 0.06473017
100.600000 0.06468523
100.700000 0.06464029
100.800000 0.06459535
100.900000 0.06455042
101.000000 0.06450548
101.100000 0.06446054
101.200000 0.06441560
101.300000 0.06437067
101.400000 0.06432573
101.500000 0.06428079
101.600000 0.06423585
101.700000 0.06419092
101.800000 0.06414598
101.900000 0.06410104
102.000000 0.06405610
102.100000 0.06401117
102.200000 0.06396623
102.300000 0.06392129
102.400000 0.06387635
102.500000 0.06383142
102.600000 0.06378648
102.700000 0.06374154
102.800000 0.06369660
102.900000 0.06365167
103.000000 0.06360673
103.100000 0.06356179
103.200000 0.06351685
103.300000 0.06347192
103.400000 0.06342698
103.500000 0.06338204
103.600000 0.06333710
103.700000 0.06329217
103.800000 0.06324723
103.900000 0.06320229
104.000000 0.06315735
104.100000 0.06311242
104.200000 0.06306748
104.300000 0.06302254
104.400000 0.06297760
104.500000 0.06293267
104.600000 0.06288773
104.700000 0.06284279
104.800000 0.06279785
104.900000 0.06275292
105.000000 0.06270798
105.100000 0.06266304
105.200000 0.06261810
105.300000 0.06257317
105.400000 0.06252823
105.500000 0.06248329
105.600000 0.06243835
105.700000 0.06239342
105.800000 0.06234848
105.900000 0.06230354
106.000000 0.06225860
106.100000 0.06221367
106.200000 0.06216873
106.300000 0.06212379
106.400000 0.06207885
106.500000 0.06203392
106.600000 0.06198898
106.700000 0.06194404
106.800000 0.06189910
106.900000 0.06185417
107.000000 0.06180923
107.100000 0.06176429
107.200000 0.06171935
107.300000 0.06167442
107.400000 0.06162948
107.500000 0.06158454
107.600000 0.06153960
107.700000 0.06149467
107.800000 0.06144973
107.900000 0.06140479
108.000000 0.06135985
108.100000 0.06131492
108.200000 0.06126998
108.300000 0.06122504
108.400000 0.06118010
108.500000 0.06113517
108.600000 0.06109023
108.700000 0.06104529
108.800000 0.06100035
108.900000 0.06095542
109.000000 0.06091048
109.100000 0.06086554
109.200000 0.06082060
109.300000 0.06077567
109.400000 0.06073073
109.500000 0.06068579
109.600000 0.06064085
109.700000 0.06059592
109.800000 0.06055098
109.900000 0.06050604
110.000000 0.06046110
110.100000 0.06041617
110.200000 0.06037123
110.300000 0.06032629
110.400000 0.06028135
110.500000 0.06023642
110.600000 0.06019148
110.700000 0.06014654
110.800000 0.06010160
110.900000 0.06005667
111.000000 0.06001173
111.100000 0.05996679
111.200000 0.05991240
111.300000 0.05984416
111.400000 0.05977592
111.500000 0.05970768
111.600000 0.05963944
111.700000 0.05957119
111.800000 0.05950295
111.900000 0.05943471
112.000000 0.05936647
112.100000 0.05929823
112.200000 0.05922999
112.300000 0.05916174
112.400000 0.05909350
112.500000 0.05902526
112.600000 0.05895702
112.700000 0.05888878
112.800000 0.05882054
112.900000 0.05875229
113.000000 0.05868405
113.100000 0.05861581
113.200000 0.05854757
113.300000 0.05847933
113.400000 0.05841108
113.500000 0.05834284
113.600000 0.05827460
113.700000 0.05820636
113.800000 0.05813812
113.900000 0.05806988
114.000000 0.05800163
114.100000 0.05793339
114.200000 0.05786515
114.300000 0.05779691
114.400000 0.05772867
114.500000 0.05766043
114.600000 0.05759218
114.700000 0.05752394
114.800000 0.05745570
114.900000 0.05738746
115.000000 0.05731922
115.100000 0.05725098
115.200000 0.05718273
115.300000 0.05711449
115.400000 0.05704625
115.500000 0.05697801
115.600000 0.05690977
115.700000 0.05684153
115.800000 0.05677328
115.900000 0.05670504
116.000000 0.05669944
116.100000 0.05728406
116.200000 0.05786868
116.300000 0.05845330
116.400000 0.05903793
116.500000 0.05962255
116.600000 0.06020717
116.700000 0.06079179
116.800000 0.06137641
116.900000 0.06196104
117.000000 0.06254566
117.100000 0.06313028
117.200000 0.06371490
117.300000 0.06429953
117.400000 0.06488415
117.500000 0.06546877
117.600000 0.06605339
117.700000 0.06663802
117.800000 0.06722264
117.900000 0.06780726
118.000000 0.06839188
118.100000 0.06897650
118.200000 0.06956113
118.300000 0.07014575
118.400000 0.07073037
118.500000 0.07131499
118.600000 0.07189962
118.700000 0.07112221
118.800000 0.06589077
118.900000 0.06065933
119.000000 0.05542789
119.100000 0.05019644
119.200000 0.04496500
119.300000 0.03973356
119.400000 0.03450212
119.500000 0.02927067
119.600000 0.02403923
119.700000 0.01880779
119.800000 0.01357635
119.900000 0.00714614
