0.000000 0.00000000
0.100000 0.00184164
0.200000 0.00368327
0.300000 0.00552491
0.400000 0.00736655
0.500000 0.00920819
0.600000 0.01104982
0.700000 0.01289146
0.800000 0.01473310
0.900000 0.01657474
1.000000 0.01841637
1.100000 0.02025801
1.200000 0.02209965
1.300000 0.02394129
1.400000 0.02578292
1.500000 0.02762456
1.600000 0.02946620
1.700000 0.03130783
1.800000 0.03314947
1.900000 0.03499111
2.000000 0.03683275
2.100000 0.03867438
2.200000 0.04051602
2.300000 0.04235766
2.400000 0.04419930
2.500000 0.04604093
2.600000 0.04788257
2.700000 0.04972421
2.800000 0.05156585
2.900000 0.05340748
3.000000 0.05524912
3.100000 0.05709076
3.200000 0.05893239
3.300000 0.06077403
3.400000 0.06261567
3.500000 0.06445731
3.600000 0.06629894
3.700000 0.06814058
3.800000 0.06998222
3.900000 0.07182386
4.000000 0.07366549
4.100000 0.07550713
4.200000 0.07734877
4.300000 0.07919041
4.400000 0.08103204
4.500000 0.08287368
4.600000 0.08471532
4.700000 0.08655695
4.800000 0.08839859
4.900000 0.09024023
5.000000 0.09208187
5.100000 0.09392350
5.200000 0.09576514
5.300000 0.09760678
5.400000 0.09944842
5.500000 0.10129005
5.600000 0.10313169
5.700000 0.10497333
5.800000 0.10681497
5.900000 0.10865660
6.000000 0.11049824
6.100000 0.11233988
6.200000 0.11418151
6.300000 0.11602315
6.400000 0.11786479
6.500000 0.11970643
6.600000 0.12154806
6.700000 0.12338970
6.800000 0.12523134
6.900000 0.12707298
7.000000 0.12891461
7.100000 0.13075625
7.200000 0.13259789
7.300000 0.13443953
7.400000 0.13628116
7.500000 0.13812280
7.600000 0.13996444
7.700000 0.14180607
7.800000 0.14364771
7.900000 0.14548935
8.000000 0.14733099
8.100000 0.14917262
8.200000 0.15101426
8.300000 0.15285590
8.400000 0.15469754
8.500000 0.15653917
8.600000 0.15838081
8.700000 0.16022245
8.800000 0.16206409
8.900000 0.16390572
9.000000 0.16574736
9.100000 0.16758900
9.200000 0.16943063
9.300000 0.17127227
9.400000 0.17311391
9.500000 0.17495555
9.600000 0.17679718
9.700000 0.17863882
9.800000 0.18048046
9.900000 0.18232210
10.000000 0.18416373
10.100000 0.18600537
10.200000 0.18784701
10.300000 0.18968865
10.400000 0.19153028
10.500000 0.19337192
10.600000 0.19521356
10.700000 0.19705519
10.800000 0.19889683
10.900000 0.20073847
11.000000 0.20258011
11.100000 0.20442174
11.200000 0.20626338
11.300000 0.20810502
11.400000 0.20994666
11.500000 0.21178829
11.600000 0.21362993
11.700000 0.21547157
11.800000 0.21731321
11.900000 0.21915484
12.000000 0.22099648
12.100000 0.22283812
12.200000 0.22467976
12.300000 0.22652139
12.400000 0.22836303
12.500000 0.23020467
12.600000 0.23204630
12.700000 0.23388794
12.800000 0.23572958
12.900000 0.23757122
13.000000 0.23941285
13.100000 0.24125449
13.200000 0.24309613
13.300000 0.24493777
13.400000 0.24677940
13.500000 0.24862104
13.600000 0.25046268
13.700000 0.25230432
13.800000 0.25414595
13.900000 0.25598759
14.000000 0.25782923
14.100000 0.25967086
14.200000 0.26151250
14.300000 0.26335414
14.400000 0.26519578
14.500000 0.26703741
14.600000 0.26887905
14.700000 0.27072069
14.800000 0.27256233
14.900000 0.27440396
15.000000 0.27624560
15.100000 0.27808724
15.200000 0.27992888
15.300000 0.28177051
15.400000 0.28361215
15.500000 0.28545379
15.600000 0.28729542
15.700000 0.28913706
15.800000 0.29097870
15.900000 0.29282034
16.000000 0.29466197
16.100000 0.29650361
16.200000 0.29834525
16.300000 0.30018689
16.400000 0.30202852
16.500000 0.30387016
16.600000 0.30571180
16.700000 0.30755344
16.800000 0.30939507
16.900000 0.31123671
17.000000 0.31307835
17.100000 0.31491998
17.200000 0.31676162
17.300000 0.31860326
17.400000 0.32044490
17.500000 0.32228653
17.600000 0.32412817
17.700000 0.32596981
17.800000 0.32781145
17.900000 0.32965308
18.000000 0.33149472
18.100000 0.33333636
18.200000 0.33517800
18.300000 0.33701963
18.400000 0.33886127
18.500000 0.34070291
18.600000 0.34254454
18.700000 0.34438618
18.800000 0.34622782
18.900000 0.34806946
19.000000 0.34991109
19.100000 0.35175273
19.200000 0.35359437
19.300000 0.35543601
19.400000 0.35727764
19.500000 0.35911928
19.600000 0.36096092
19.700000 0.36280256
19.800000 0.36464419
19.900000 0.36648583
20.000000 0.36832747
20.100000 0.37016910
20.200000 0.37201074
20.300000 0.37385238
20.400000 0.37569402
20.500000 0.37753565
20.600000 0.37937729
20.700000 0.38121893
20.800000 0.38306057
20.900000 0.38490220
21.000000 0.38674384
21.100000 0.38858548
21.200000 0.39042712
21.300000 0.39226875
21.400000 0.39411039
21.500000 0.39595203
21.600000 0.39779366
21.700000 0.39963530
21.800000 0.40147694
21.900000 0.40331858
22.000000 0.40516021
22.100000 0.40700185
22.200000 0.40884349
22.300000 0.41068513
22.400000 0.41219439
22.500000 0.41365358
22.600000 0.41511277
22.700000 0.41657196
22.800000 0.41803116
22.900000 0.41949035
23.000000 0.42094954
23.100000 0.42240873
23.200000 0.42386793
23.300000 0.42532712
23.400000 0.42678631
23.500000 0.42824551
23.600000 0.42970470
23.700000 0.43116389
23.800000 0.43262308
23.900000 0.43408228
24.000000 0.43554147
24.100000 0.43700066
24.200000 0.43845985
24.300000 0.43991905
24.400000 0.44137824
24.500000 0.44283743
24.600000 0.44429662
24.700000 0.44575582
24.800000 0.44721501
24.900000 0.44867420
25.000000 0.45013339
25.100000 0.45159259
25.200000 0.45305178
25.300000 0.45451097
25.400000 0.45597017
25.500000 0.45951247
25.600000 0.46395571
25.700000 0.46839895
25.800000 0.47284219
25.900000 0.47728544
26.000000 0.48172868
26.100000 0.48617192
26.200000 0.49061516
26.300000 0.49505841
26.400000 0.49950165
26.500000 0.50394489
26.600000 0.50838814
26.700000 0.51283138
26.800000 0.51727462
26.900000 0.52171786
27.000000 0.52616111
27.100000 0.52785787
27.200000 0.52647213
27.300000 0.52508638
27.400000 0.52370064
27.500000 0.52231489
27.600000 0.52092915
27.700000 0.51954341
27.800000 0.51815766
27.900000 0.51677192
28.000000 0.51538617
28.100000 0.51400043
28.200000 0.51261469
28.300000 0.51122894
28.400000 0.50984320
28.500000 0.50845746
28.600000 0.50707171
28.700000 0.50568597
28.800000 0.50430022
28.900000 0.50291448
29.000000 0.50152874
29.100000 0.50014299
29.200000 0.49875725
29.300000 0.49737150
29.400000 0.49598576
29.500000 0.49460002
29.600000 0.49321427
29.700000 0.49182853
29.800000 0.49044279
29.900000 0.48905704
30.000000 0.48767130
30.100000 0.48628555
30.200000 0.48489981
30.300000 0.48351407
30.400000 0.48212832
30.500000 0.48074258
30.600000 0.47935684
30.700000 0.47797109
30.800000 0.47658535
30.900000 0.47519960
31.000000 0.47381386
31.100000 0.47242812
31.200000 0.47104237
31.300000 0.46965663
31.400000 0.46827088
31.500000 0.46688514
31.600000 0.46549940
31.700000 0.46411365
31.800000 0.47105490
31.900000 0.49133484
32.000000 0.51161477
32.100000 0.53189471
32.200000 0.55217464
32.300000 0.57245458
32.400000 0.59273452
32.500000 0.61301445
32.600000 0.63329439
32.700000 0.65357432
32.800000 0.67385426
32.900000 0.69413419
33.000000 0.71441413
33.100000 0.73469406
33.200000 0.74501868
33.300000 0.73394073
33.400000 0.72286278
33.500000 0.71178483
33.600000 0.70070688
33.700000 0.68962893
33.800000 0.67855098
33.900000 0.66747303
34.000000 0.65639508
34.100000 0.64531713
34.200000 0.63423918
34.300000 0.62316123
34.400000 0.61208328
34.500000 0.60100533
34.600000 0.58992738
34.700000 0.57884943
34.800000 0.56777148
34.900000 0.55725419
35.000000 0.54773506
35.100000 0.53821592
35.200000 0.52869679
35.300000 0.51917765
35.400000 0.50965852
35.500000 0.50013938
35.600000 0.49062024
35.700000 0.48110111
35.800000 0.47158197
35.900000 0.46206284
36.000000 0.45254370
36.100000 0.50384429
36.200000 0.56027959
36.300000 0.57081244
36.400000 0.55965880
36.500000 0.54850515
36.600000 0.53735151
36.700000 0.52619786
36.800000 0.51504422
36.900000 0.50389057
37.000000 0.49273693
37.100000 0.48158328
37.200000 0.47042964
37.300000 0.45927599
37.400000 0.44812235
37.500000 0.43696871
37.600000 0.42581506
37.700000 0.41466142
37.800000 0.40350777
37.900000 0.39235413
38.000000 0.38120048
38.100000 0.37004684
38.200000 0.35889319
38.300000 0.34773955
38.400000 0.33658590
38.500000 0.32543226
38.600000 0.31427861
38.700000 0.30312497
38.800000 0.29197132
38.900000 0.28081768
39.000000 0.26966403
39.100000 0.25851039
39.200000 0.24735675
39.300000 0.23620310
39.400000 0.22504946
39.500000 0.21389581
39.600000 0.20274217
39.700000 0.19158852
39.800000 0.18043488
39.900000 0.16928123
40.000000 0.15812759
40.100000 0.14697394
40.200000 0.13582030
40.300000 0.12466665
40.400000 0.11862471
40.500000 0.11633064
40.600000 0.11403656
40.700000 0.11308201
40.800000 0.11287675
40.900000 0.11267149
41.000000 0.11246623
41.100000 0.11226096
41.200000 0.11205570
41.300000 0.11185044
41.400000 0.11164518
41.500000 0.11143992
41.600000 0.11123466
41.700000 0.11292273
41.800000 0.11608830
41.900000 0.11925386
42.000000 0.12241942
42.100000 0.12558499
42.200000 0.12875055
42.300000 0.13191611
42.400000 0.13508168
42.500000 0.13824724
42.600000 0.14141280
42.700000 0.14457837
42.800000 0.14774393
42.900000 0.15090949
43.000000 0.15407506
43.100000 0.15724062
43.200000 0.16040619
43.300000 0.16357175
43.400000 0.16673731
43.500000 0.16990288
43.600000 0.17306844
43.700000 0.17623400
43.800000 0.17939957
43.900000 0.18256513
44.000000 0.18573069
44.100000 0.18889626
44.200000 0.19206182
44.300000 0.19522738
44.400000 0.19839295
44.500000 0.20155851
44.600000 0.20472407
44.700000 0.20788964
44.800000 0.21105520
44.900000 0.21422077
45.000000 0.21738633
45.100000 0.22055189
45.200000 0.22371746
45.300000 0.22688302
45.400000 0.23004858
45.500000 0.23321415
45.600000 0.23340456
45.700000 0.23209540
45.800000 0.23078625
45.900000 0.22947709
46.000000 0.22816793
46.100000 0.22685878
46.200000 0.22554962
46.300000 0.22424046
46.400000 0.22293131
46.500000 0.22162215
46.600000 0.22031299
46.700000 0.21900384
46.800000 0.21769468
46.900000 0.21638552
47.000000 0.21507637
47.100000 0.21376721
47.200000 0.21245805
47.300000 0.21114890
47.400000 0.20983974
47.500000 0.20853058
47.600000 0.20722143
47.700000 0.20591227
47.800000 0.20460311
47.900000 0.20329396
48.000000 0.20198480
48.100000 0.20067564
48.200000 0.19936649
48.300000 0.19805733
48.400000 0.19674817
48.500000 0.19543902
48.600000 0.19412986
48.700000 0.19282070
48.800000 0.19151155
48.900000 0.19020239
49.000000 0.18889324
49.100000 0.18758408
49.200000 0.18627492
49.300000 0.18496577
49.400000 0.18365661
49.500000 0.18234745
49.600000 0.18103830
49.700000 0.18317026
49.800000 0.18649186
49.900000 0.18981345
50.000000 0.19313505
50.100000 0.19645664
50.200000 0.19977824
50.300000 0.20309984
50.400000 0.20642143
50.500000 0.20974303
50.600000 0.21306462
50.700000 0.21638622
50.800000 0.21970782
50.900000 0.22302941
51.000000 0.22635101
51.100000 0.22967260
51.200000 0.23299420
51.300000 0.23631580
51.400000 0.23963739
51.500000 0.24295899
51.600000 0.24628058
51.700000 0.24960218
51.800000 0.25292377
51.900000 0.25624537
52.000000 0.25956697
52.100000 0.26251975
52.200000 0.26544519
52.300000 0.26837063
52.400000 0.27129607
52.500000 0.27422151
52.600000 0.27714695
52.700000 0.28007239
52.800000 0.28299783
52.900000 0.28592328
53.000000 0.28884872
53.100000 0.29177416
53.200000 0.29469960
53.300000 0.29762504
53.400000 0.30055048
53.500000 0.30347592
53.600000 0.30640136
53.700000 0.30932681
53.800000 0.31225225
53.900000 0.31517769
54.000000 0.31810313
54.100000 0.32102857
54.200000 0.32395401
54.300000 0.32687945
54.400000 0.32980489
54.500000 0.33273034
54.600000 0.33565578
54.700000 0.33858122
54.800000 0.34150666
54.900000 0.34443210
55.000000 0.34380648
55.100000 0.33205330
55.200000 0.32030013
55.300000 0.30854696
55.400000 0.29679378
55.500000 0.28504061
55.600000 0.27328743
55.700000 0.26153426
55.800000 0.25223407
55.900000 0.25383548
56.000000 0.25543690
56.100000 0.25703831
56.200000 0.25863973
56.300000 0.26024114
56.400000 0.26184256
56.500000 0.26344397
56.600000 0.26504539
56.700000 0.26664680
56.800000 0.26824822
56.900000 0.26984963
57.000000 0.27145105
57.100000 0.27305246
57.200000 0.27465388
57.300000 0.27625529
57.400000 0.27785671
57.500000 0.27805991
57.600000 0.27174450
57.700000 0.26542909
57.800000 0.25911368
57.900000 0.25279827
58.000000 0.24648286
58.100000 0.24016745
58.200000 0.23385203
58.300000 0.22753662
58.400000 0.22122121
58.500000 0.21490580
58.600000 0.20859039
58.700000 0.20227498
58.800000 0.19595957
58.900000 0.18964416
59.000000 0.18332875
59.100000 0.17701333
59.200000 0.17069792
59.300000 0.16438251
59.400000 0.15806710
59.500000 0.15186213
59.600000 0.14572661
59.700000 0.13959108
59.800000 0.13345555
59.900000 0.12732003
60.000000 0.12118450
60.100000 0.11504897
60.200000 0.11275500
60.300000 0.11215653
60.400000 0.11155805
60.500000 0.11095957
60.600000 0.11036110
60.700000 0.10976262
60.800000 0.10916415
60.900000 0.10856567
61.000000 0.10796720
61.100000 0.10736872
61.200000 0.10677024
61.300000 0.10617177
61.400000 0.10557329
61.500000 0.10497482
61.600000 0.10437634
61.700000 0.10377786
61.800000 0.10375125
61.900000 0.10473558
62.000000 0.10571992
62.100000 0.10670426
62.200000 0.10768860
62.300000 0.10867293
62.400000 0.10965727
62.500000 0.11064161
62.600000 0.11162594
62.700000 0.11261028
62.800000 0.11359462
62.900000 0.11457895
63.000000 0.11556329
63.100000 0.11654763
63.200000 0.11753196
63.300000 0.11851630
63.400000 0.11950064
63.500000 0.12048498
63.600000 0.12146931
63.700000 0.12245365
63.800000 0.12343799
63.900000 0.12442232
64.000000 0.12538047
64.100000 0.12342439
64.200000 0.12146831
64.300000 0.11951223
64.400000 0.11755615
64.500000 0.11560007
64.600000 0.11364399
64.700000 0.11168791
64.800000 0.10973183
64.900000 0.10777576
65.000000 0.10581968
65.100000 0.10386360
65.200000 0.10190752
65.300000 0.09995144
65.400000 0.09799536
65.500000 0.09603928
65.600000 0.09408320
65.700000 0.09212712
65.800000 0.09017104
65.900000 0.08821496
66.000000 0.08625888
66.100000 0.08430280
66.200000 0.08234672
66.300000 0.08039065
66.400000 0.07885523
66.500000 0.07795867
66.600000 0.07760380
66.700000 0.08001892
66.800000 0.08243404
66.900000 0.08484917
67.000000 0.08726429
67.100000 0.08967942
67.200000 0.09209454
67.300000 0.09450967
67.400000 0.09692479
67.500000 0.09933991
67.600000 0.10175504
67.700000 0.10417016
67.800000 0.10658529
67.900000 0.10900041
68.000000 0.11141553
68.100000 0.11383066
68.200000 0.11624578
68.300000 0.11866091
68.400000 0.12107603
68.500000 0.12349116
68.600000 0.12590628
68.700000 0.12765874
68.800000 0.12763779
68.900000 0.12761684
69.000000 0.12759589
69.100000 0.12757494
69.200000 0.12755399
69.300000 0.12753304
69.400000 0.12751209
69.500000 0.12749114
69.600000 0.12747018
69.700000 0.12631727
69.800000 0.12490841
69.900000 0.12349955
70.000000 0.12209068
70.100000 0.12068182
70.200000 0.11927296
70.300000 0.11786409
70.400000 0.11645523
70.500000 0.11504637
70.600000 0.11363751
70.700000 0.11222864
70.800000 0.11081978
70.900000 0.10941092
71.000000 0.10800205
71.100000 0.10659319
71.200000 0.10518433
71.300000 0.10377546
71.400000 0.10236660
71.500000 0.10095774
71.600000 0.09954888
71.700000 0.09814001
71.800000 0.09673115
71.900000 0.09532229
72.000000 0.09391342
72.100000 0.09250456
72.200000 0.09109570
72.300000 0.08968684
72.400000 0.08827797
72.500000 0.08686911
72.600000 0.08546025
72.700000 0.08405138
72.800000 0.08264252
72.900000 0.08123366
73.000000 0.07982479
73.100000 0.07841593
73.200000 0.07700707
73.300000 0.07559821
73.400000 0.07418934
73.500000 0.07278048
73.600000 0.07137162
73.700000 0.07068061
73.800000 0.07014499
73.900000 0.06960936
74.000000 0.06907374
74.100000 0.06853811
74.200000 0.06800249
74.300000 0.06746686
74.400000 0.06693124
74.500000 0.06639561
74.600000 0.06585999
74.700000 0.06532437
74.800000 0.06478874
74.900000 0.06425312
75.000000 0.06371749
75.100000 0.06318187
75.200000 0.06264624
75.300000 0.06211062
75.400000 0.06157499
75.500000 0.06197660
75.600000 0.06330409
75.700000 0.06463158
75.800000 0.06595907
75.900000 0.06728656
76.000000 0.06861405
76.100000 0.06994154
76.200000 0.07126904
76.300000 0.07151963
76.400000 0.07134242
76.500000 0.07116520
76.600000 0.07098798
76.700000 0.07081077
76.800000 0.07063355
76.900000 0.07045633
77.000000 0.07027912
77.100000 0.07010190
77.200000 0.06992468
77.300000 0.06974747
77.400000 0.06957025
77.500000 0.06939303
77.600000 0.06921582
77.700000 0.06903860
77.800000 0.06886138
77.900000 0.06868417
78.000000 0.06850695
78.100000 0.06832973
78.200000 0.06815252
78.300000 0.06797530
78.400000 0.06779808
78.500000 0.06762087
78.600000 0.06744365
78.700000 0.06726643
78.800000 0.06708922
78.900000 0.06691200
79.000000 0.06673478
79.100000 0.06655757
79.200000 0.06638035
79.300000 0.06620313
79.400000 0.06602592
79.500000 0.06584870
79.600000 0.06567149
79.700000 0.06549427
79.800000 0.06531705
79.900000 0.06513984
80.000000 0.06496262
80.100000 0.06478540
80.200000 0.06460819
80.300000 0.06443097
80.400000 0.06425375
80.500000 0.06407654
80.600000 0.06389932
80.700000 0.06372210
80.800000 0.06354489
80.900000 0.06336767
81.000000 0.06319045
81.100000 0.06301324
81.200000 0.06283602
81.300000 0.06265880
81.400000 0.06248159
81.500000 0.06230437
81.600000 0.06212715
81.700000 0.06194994
81.800000 0.06177272
81.900000 0.06159550
82.000000 0.06141829
82.100000 0.06124107
82.200000 0.06106385
82.300000 0.06088664
82.400000 0.06079685
82.500000 0.06103067
82.600000 0.06126450
82.700000 0.06149832
82.800000 0.06173215
82.900000 0.06196597
83.000000 0.06219774
83.100000 0.06242471
83.200000 0.06265167
83.300000 0.06287864
83.400000 0.06310561
83.500000 0.06333258
83.600000 0.06355954
83.700000 0.06378651
83.800000 0.06401348
83.900000 0.06424044
84.000000 0.06446741
84.100000 0.06469438
84.200000 0.06492135
84.300000 0.06514831
84.400000 0.06537528
84.500000 0.06560225
84.600000 0.06582921
84.700000 0.06605618
84.800000 0.06628315
84.900000 0.06651011
85.000000 0.06673708
85.100000 0.06696405
85.200000 0.06719102
85.300000 0.06741798
85.400000 0.06764495
85.500000 0.06787192
85.600000 0.06809888
85.700000 0.06832585
85.800000 0.06855282
85.900000 0.06877979
86.000000 0.06900675
86.100000 0.06923372
86.200000 0.06946069
86.300000 0.06968765
86.400000 0.06991462
86.500000 0.07014159
86.600000 0.07036856
86.700000 0.07059552
86.800000 0.07082249
86.900000 0.07104946
87.000000 0.07127642
87.100000 0.07150339
87.200000 0.07173036
87.300000 0.07209946
87.400000 0.07247607
87.500000 0.07285269
87.600000 0.07338199
87.700000 0.07428871
87.800000 0.07519543
87.900000 0.07610215
88.000000 0.07667536
88.100000 0.07653468
88.200000 0.07639400
88.300000 0.07625333
88.400000 0.07611265
88.500000 0.07597198
88.600000 0.07583130
88.700000 0.07569062
88.800000 0.07554995
88.900000 0.07540927
89.000000 0.07526859
89.100000 0.07512792
89.200000 0.07498724
89.300000 0.07484657
89.400000 0.07470589
89.500000 0.07456521
89.600000 0.07442454
89.700000 0.07428386
89.800000 0.07414318
89.900000 0.07400251
90.000000 0.07386183
90.100000 0.07372115
90.200000 0.07358048
90.300000 0.07343980
90.400000 0.07329913
90.500000 0.07315845
90.600000 0.07301777
90.700000 0.07462215
90.800000 0.07669339
90.900000 0.07876463
91.000000 0.08083587
91.100000 0.08212471
91.200000 0.08241172
91.300000 0.08269872
91.400000 0.08298573
91.500000 0.08327274
91.600000 0.08355975
91.700000 0.08384676
91.800000 0.08413377
91.900000 0.08442078
92.000000 0.08470779
92.100000 0.08499480
92.200000 0.08528181
92.300000 0.08556882
92.400000 0.08585583
92.500000 0.08614284
92.600000 0.08642985
92.700000 0.08671686
92.800000 0.08700387
92.900000 0.08729088
93.000000 0.08757788
93.100000 0.08786489
93.200000 0.08815190
93.300000 0.08843891
93.400000 0.08872592
93.500000 0.08901293
93.600000 0.08846625
93.700000 0.08766462
93.800000 0.08686298
93.900000 0.08606135
94.000000 0.08525972
94.100000 0.08445809
94.200000 0.08365646
94.300000 0.08285483
94.400000 0.08205319
94.500000 0.08125156
94.600000 0.08044993
94.700000 0.07964830
94.800000 0.07884667
94.900000 0.07804504
95.000000 0.07724340
95.100000 0.07644177
95.200000 0.07564014
95.300000 0.07483851
95.400000 0.07403688
95.500000 0.07323525
95.600000 0.07243362
95.700000 0.07163198
95.800000 0.07086280
95.900000 0.07093341
96.000000 0.07100402
96.100000 0.07107462
96.200000 0.07114523
96.300000 0.07121584
96.400000 0.07128644
96.500000 0.07135705
96.600000 0.07142766
96.700000 0.07149826
96.800000 0.07156887
96.900000 0.07163948
97.000000 0.07171009
97.100000 0.07178069
97.200000 0.07185130
97.300000 0.07192191
97.400000 0.07199251
97.500000 0.07206312
97.600000 0.07213373
97.700000 0.07220433
97.800000 0.07227494
97.900000 0.07234555
98.000000 0.07241615
98.100000 0.07248676
98.200000 0.07255737
98.300000 0.07262797
98.400000 0.07269858
98.500000 0.07276919
98.600000 0.07283980
98.700000 0.07291040
98.800000 0.07298101
98.900000 0.07305162
99.000000 0.07312222
99.100000 0.07319283
99.200000 0.07326344
99.300000 0.07333404
99.400000 0.07340465
99.500000 0.07347526
99.600000 0.07354586
99.700000 0.07358454
99.800000 0.07362092
99.900000 0.07365731
100.000000 0.07369369
100.100000 0.07373008
100.200000 0.07376646
100.300000 0.07380285
100.400000 0.07383923
100.500000 0.07387562
100.600000 0.07391200
100.700000 0.07394839
100.800000 0.07398477
100.900000 0.07402116
101.000000 0.07405754
101.100000 0.07409393
101.200000 0.07413031
101.300000 0.07416670
101.400000 0.07420308
101.500000 0.07423947
101.600000 0.07427585
101.700000 0.07431224
101.800000 0.07434862
101.900000 0.07438501
102.000000 0.07442139
102.100000 0.07445778
102.200000 0.07449416
102.300000 0.07453055
102.400000 0.07456694
102.500000 0.07460332
102.600000 0.07463971
102.700000 0.07467609
102.800000 0.07471248
102.900000 0.07474886
103.000000 0.07478525
103.100000 0.07482163
103.200000 0.07485802
103.300000 0.07489440
103.400000 0.07493079
103.500000 0.07496717
103.600000 0.07500356
103.700000 0.07503994
103.800000 0.07507633
103.900000 0.07511271
104.000000 0.07514910
104.100000 0.07518548
104.200000 0.07522187
104.300000 0.07525825
104.400000 0.07529464
104.500000 0.07533102
104.600000 0.07536741
104.700000 0.07540379
104.800000 0.07544018
104.900000 0.07547656
105.000000 0.07551295
105.100000 0.07554933
105.200000 0.07558572
105.300000 0.07562211
105.400000 0.07565849
105.500000 0.07569488
105.600000 0.07573126
105.700000 0.07576765
105.800000 0.07580403
105.900000 0.07584042
106.000000 0.07587680
106.100000 0.07591319
106.200000 0.07594957
106.300000 0.07598596
106.400000 0.07602234
106.500000 0.07605873
106.600000 0.07609511
106.700000 0.07613150
106.800000 0.07616788
106.900000 0.07620427
107.000000 0.07624065
107.100000 0.07627704
107.200000 0.07631342
107.300000 0.07634981
107.400000 0.07638619
107.500000 0.07642258
107.600000 0.07645896
107.700000 0.07649535
107.800000 0.07653173
107.900000 0.07656812
108.000000 0.07660450
108.100000 0.07664089
108.200000 0.07667728
108.300000 0.07671366
108.400000 0.07675005
108.500000 0.07678643
108.600000 0.07682282
108.700000 0.07685920
108.800000 0.07689559
108.900000 0.07693197
109.000000 0.07696836
109.100000 0.07700474
109.200000 0.07704113
109.300000 0.07707751
109.400000 0.07711390
109.500000 0.07715028
109.600000 0.07718667
109.700000 0.07722305
109.800000 0.07725944
109.900000 0.07729582
110.000000 0.07733221
110.100000 0.07736859
110.200000 0.07740498
110.300000 0.07744136
110.400000 0.07747775
110.500000 0.07751413
110.600000 0.07755052
110.700000 0.07758690
110.800000 0.07762329
110.900000 0.07765968
111.000000 0.07769606
111.100000 0.07773245
111.200000 0.07766487
111.300000 0.07744490
111.400000 0.07722494
111.500000 0.07700498
111.600000 0.07678502
111.700000 0.07656506
111.800000 0.07634510
111.900000 0.07612514
112.000000 0.07590517
112.100000 0.07568521
112.200000 0.07546525
112.300000 0.07524529
112.400000 0.07502533
112.500000 0.07480537
112.600000 0.07458541
112.700000 0.07436544
112.800000 0.07414548
112.900000 0.07392552
113.000000 0.07370556
113.100000 0.07348560
113.200000 0.07326564
113.300000 0.07304567
113.400000 0.07282571
113.500000 0.07260575
113.600000 0.07238579
113.700000 0.07216583
113.800000 0.07194587
113.900000 0.07172591
114.000000 0.07150594
114.100000 0.07128598
114.200000 0.07106602
114.300000 0.07084606
114.400000 0.07062610
114.500000 0.07040614
114.600000 0.07018618
114.700000 0.06996621
114.800000 0.06974625
114.900000 0.06952629
115.000000 0.06930633
115.100000 0.06908637
115.200000 0.06886641
115.300000 0.06864645
115.400000 0.06842648
115.500000 0.06820652
115.600000 0.06798656
115.700000 0.06776660
115.800000 0.06754664
115.900000 0.06732668
116.000000 0.06713639
116.100000 0.06722568
116.200000 0.06731497
116.300000 0.06740426
116.400000 0.06749355
116.500000 0.06758283
116.600000 0.06767212
116.700000 0.06776141
116.800000 0.06785070
116.900000 0.06793999
117.000000 0.06802928
117.100000 0.06811857
117.200000 0.06820786
117.300000 0.06829715
117.400000 0.06838644
117.500000 0.06847573
117.600000 0.06856502
117.700000 0.06865431
117.800000 0.06874360
117.900000 0.06883289
118.000000 0.06892218
118.100000 0.06901147
118.200000 0.06910076
118.300000 0.06919005
118.400000 0.06927934
118.500000 0.06936863
118.600000 0.06945792
118.700000 0.06890204
118.800000 0.06623636
118.900000 0.06357067
119.000000 0.06090498
119.100000 0.05823929
119.200000 0.05557360
119.300000 0.05290791
119.400000 0.05024223
119.500000 0.04757654
119.600000 0.04491085
119.700000 0.04224516
119.800000 0.03957947
119.900000 0.02372736
