0.000000 0.00000000
0.100000 0.00218019
0.200000 0.00436039
0.300000 0.00654058
0.400000 0.00872078
0.500000 0.01090097
0.600000 0.01308117
0.700000 0.01526136
0.800000 0.01744156
0.900000 0.01962175
1.000000 0.02180195
1.100000 0.02398214
1.200000 0.02616234
1.300000 0.02834253
1.400000 0.03052273
1.500000 0.03270292
1.600000 0.03488312
1.700000 0.03706331
1.800000 0.03924351
1.900000 0.04142370
2.000000 0.04360390
2.100000 0.04578409
2.200000 0.04796429
2.300000 0.05014448
2.400000 0.05232468
2.500000 0.05450487
2.600000 0.05668507
2.700000 0.05886526
2.800000 0.06104546
2.900000 0.06322565
3.000000 0.06540585
3.100000 0.06758604
3.200000 0.06976624
3.300000 0.07194643
3.400000 0.07412663
3.500000 0.07630682
3.600000 0.07848701
3.700000 0.08066721
3.800000 0.08284740
3.900000 0.08502760
4.000000 0.08720779
4.100000 0.08938799
4.200000 0.09156818
4.300000 0.09374838
4.400000 0.09592857
4.500000 0.09810877
4.600000 0.10028896
4.700000 0.10246916
4.800000 0.10464935
4.900000 0.10682955
5.000000 0.10900974
5.100000 0.11118994
5.200000 0.11337013
5.300000 0.11555033
5.400000 0.11773052
5.500000 0.11991072
5.600000 0.12209091
5.700000 0.12427111
5.800000 0.12645130
5.900000 0.12863150
6.000000 0.13081169
6.100000 0.13299189
6.200000 0.13517208
6.300000 0.13735228
6.400000 0.13953247
6.500000 0.14171267
6.600000 0.14389286
6.700000 0.14607306
6.800000 0.14825325
6.900000 0.15043345
7.000000 0.15261364
7.100000 0.15479383
7.200000 0.15697403
7.300000 0.15915422
7.400000 0.16133442
7.500000 0.16351461
7.600000 0.16569481
7.700000 0.16787500
7.800000 0.17005520
7.900000 0.17223539
8.000000 0.17441559
8.100000 0.17659578
8.200000 0.17877598
8.300000 0.18095617
8.400000 0.18313637
8.500000 0.18531656
8.600000 0.18749676
8.700000 0.18967695
8.800000 0.19185715
8.900000 0.19403734
9.000000 0.19621754
9.100000 0.19839773
9.200000 0.20057793
9.300000 0.20275812
9.400000 0.20493832
9.500000 0.20711851
9.600000 0.20929871
9.700000 0.21147890
9.800000 0.21365910
9.900000 0.21583929
10.000000 0.21801949
10.100000 0.22019968
10.200000 0.22237988
10.300000 0.22456007
10.400000 0.22674027
10.500000 0.22892046
10.600000 0.23110065
10.700000 0.23328085
10.800000 0.23546104
10.900000 0.23764124
11.000000 0.23982143
11.100000 0.24200163
11.200000 0.24418182
11.300000 0.24636202
11.400000 0.24854221
11.500000 0.25072241
11.600000 0.25290260
11.700000 0.25508280
11.800000 0.25726299
11.900000 0.25944319
12.000000 0.26162338
12.100000 0.26380358
12.200000 0.26598377
12.300000 0.26816397
12.400000 0.27034416
12.500000 0.27252436
12.600000 0.27470455
12.700000 0.27688475
12.800000 0.27906494
12.900000 0.28124514
13.000000 0.28342533
13.100000 0.28560553
13.200000 0.28778572
13.300000 0.28996592
13.400000 0.29214611
13.500000 0.29432631
13.600000 0.29650650
13.700000 0.29868670
13.800000 0.30086689
13.900000 0.30304709
14.000000 0.30522728
14.100000 0.30740747
14.200000 0.30958767
14.300000 0.31176786
14.400000 0.31394806
14.500000 0.31612825
14.600000 0.31830845
14.700000 0.32048864
14.800000 0.32266884
14.900000 0.32484903
15.000000 0.32702923
15.100000 0.32920942
15.200000 0.33138962
15.300000 0.33356981
15.400000 0.33575001
15.500000 0.33793020
15.600000 0.34011040
15.700000 0.34229059
15.800000 0.34447079
15.900000 0.34665098
16.000000 0.34883118
16.100000 0.35101137
16.200000 0.35319157
16.300000 0.35537176
16.400000 0.35755196
16.500000 0.35973215
16.600000 0.36191235
16.700000 0.36409254
16.800000 0.36627274
16.900000 0.36845293
17.000000 0.37063313
17.100000 0.37281332
17.200000 0.37499352
17.300000 0.37717371
17.400000 0.37935391
17.500000 0.38153410
17.600000 0.38371429
17.700000 0.38589449
17.800000 0.38807468
17.900000 0.39025488
18.000000 0.39243507
18.100000 0.39461527
18.200000 0.39679546
18.300000 0.39897566
18.400000 0.40115585
18.500000 0.40333605
18.600000 0.40551624
18.700000 0.40769644
18.800000 0.40987663
18.900000 0.41205683
19.000000 0.41423702
19.100000 0.41641722
19.200000 0.41859741
19.300000 0.42077761
19.400000 0.42295780
19.500000 0.42513800
19.600000 0.42731819
19.700000 0.42949839
19.800000 0.43167858
19.900000 0.43385878
20.000000 0.43603897
20.100000 0.43821917
20.200000 0.44039936
20.300000 0.44257956
20.400000 0.44475975
20.500000 0.44693995
20.600000 0.44912014
20.700000 0.45130034
20.800000 0.45348053
20.900000 0.45566073
21.000000 0.45784092
21.100000 0.46002111
21.200000 0.46220131
21.300000 0.46438150
21.400000 0.46656170
21.500000 0.46874189
21.600000 0.47092209
21.700000 0.47310228
21.800000 0.47528248
21.900000 0.47746267
22.000000 0.47964287
22.100000 0.48182306
22.200000 0.48400326
22.300000 0.48618345
22.400000 0.48809170
22.500000 0.48995899
22.600000 0.49182627
22.700000 0.49369356
22.800000 0.49556085
22.900000 0.49742813
23.000000 0.49929542
23.100000 0.50116270
23.200000 0.50302999
23.300000 0.50489727
23.400000 0.50676456
23.500000 0.50863184
23.600000 0.51049913
23.700000 0.51236642
23.800000 0.51423370
23.900000 0.51610099
24.000000 0.51796827
24.100000 0.51983556
24.200000 0.52170284
24.300000 0.52357013
24.400000 0.52543741
24.500000 0.52730470
24.600000 0.52917199
24.700000 0.53103927
24.800000 0.53290656
24.900000 0.53477384
25.000000 0.53664113
25.100000 0.53850841
25.200000 0.54037570
25.300000 0.54224298
25.400000 0.54411027
25.500000 0.54768192
25.600000 0.55199070
25.700000 0.55629948
25.800000 0.56060826
25.900000 0.56491704
26.000000 0.56922582
26.100000 0.57353460
26.200000 0.57784338
26.300000 0.58215216
26.400000 0.58646095
26.500000 0.59076973
26.600000 0.59507851
26.700000 0.59938729
26.800000 0.60369607
26.900000 0.60800485
27.000000 0.61231363
27.100000 0.61326560
27.200000 0.61045007
27.300000 0.60763453
27.400000 0.60481900
27.500000 0.60200346
27.600000 0.59918793
27.700000 0.59637239
27.800000 0.59355685
27.900000 0.59074132
28.000000 0.58792578
28.100000 0.58511025
28.200000 0.58229471
28.300000 0.57947918
28.400000 0.57666364
28.500000 0.57384810
28.600000 0.57103257
28.700000 0.56821703
28.800000 0.56540150
28.900000 0.56258596
29.000000 0.55977043
29.100000 0.55695489
29.200000 0.55413935
29.300000 0.55132382
29.400000 0.54850828
29.500000 0.54569275
29.600000 0.54287721
29.700000 0.54006168
29.800000 0.53724614
29.900000 0.53443060
30.000000 0.53161507
30.100000 0.52879953
30.200000 0.52598400
30.300000 0.52316846
30.400000 0.52035293
30.500000 0.51753739
30.600000 0.51472185
30.700000 0.51190632
30.800000 0.50909078
30.900000 0.50627525
31.000000 0.50345971
31.100000 0.50064418
31.200000 0.49782864
31.300000 0.49501310
31.400000 0.49219757
31.500000 0.48938203
31.600000 0.48656650
31.700000 0.48375096
31.800000 0.48774842
31.900000 0.50265935
32.000000 0.51757028
32.100000 0.53248121
32.200000 0.54739214
32.300000 0.56230307
32.400000 0.57721399
32.500000 0.59212492
32.600000 0.60703585
32.700000 0.62194678
32.800000 0.63685771
32.900000 0.65176864
33.000000 0.66667957
33.100000 0.68159050
33.200000 0.68835617
33.300000 0.67761065
33.400000 0.66686512
33.500000 0.65611960
33.600000 0.64537408
33.700000 0.63462855
33.800000 0.62388303
33.900000 0.61313751
34.000000 0.60239199
34.100000 0.59164646
34.200000 0.58090094
34.300000 0.57015542
34.400000 0.55940989
34.500000 0.54866437
34.600000 0.53791885
34.700000 0.52717333
34.800000 0.51642780
34.900000 0.50636754
35.000000 0.49752723
35.100000 0.48868693
35.200000 0.47984662
35.300000 0.47100632
35.400000 0.46216601
35.500000 0.45332571
35.600000 0.44448540
35.700000 0.43564510
35.800000 0.42680479
35.900000 0.41796449
36.000000 0.40912418
36.100000 0.47461909
36.200000 0.54638977
36.300000 0.56205745
36.400000 0.55121941
36.500000 0.54038137
36.600000 0.52954333
36.700000 0.51870530
36.800000 0.50786726
36.900000 0.49702922
37.000000 0.48619118
37.100000 0.47535314
37.200000 0.46451511
37.300000 0.45367707
37.400000 0.44283903
37.500000 0.43200099
37.600000 0.42116295
37.700000 0.41032491
37.800000 0.39948688
37.900000 0.38864884
38.000000 0.37781080
38.100000 0.36697276
38.200000 0.35613472
38.300000 0.34529668
38.400000 0.33445865
38.500000 0.32362061
38.600000 0.31278257
38.700000 0.30194453
38.800000 0.29110649
38.900000 0.28026846
39.000000 0.26943042
39.100000 0.25859238
39.200000 0.24775434
39.300000 0.23691630
39.400000 0.22607826
39.500000 0.21524023
39.600000 0.20440219
39.700000 0.19356415
39.800000 0.18272611
39.900000 0.17188807
40.000000 0.16105003
40.100000 0.15021200
40.200000 0.13937396
40.300000 0.12853592
40.400000 0.12188019
40.500000 0.11829089
40.600000 0.11470159
40.700000 0.11274948
40.800000 0.11171318
40.900000 0.11067687
41.000000 0.10964057
41.100000 0.10860426
41.200000 0.10756796
41.300000 0.10653166
41.400000 0.10549535
41.500000 0.10445905
41.600000 0.10342274
41.700000 0.10470052
41.800000 0.10778411
41.900000 0.11086770
42.000000 0.11395130
42.100000 0.11703489
42.200000 0.12011848
42.300000 0.12320207
42.400000 0.12628567
42.500000 0.12936926
42.600000 0.13245285
42.700000 0.13553644
42.800000 0.13862004
42.900000 0.14170363
43.000000 0.14478722
43.100000 0.14787082
43.200000 0.15095441
43.300000 0.15403800
43.400000 0.15712159
43.500000 0.16020519
43.600000 0.16328878
43.700000 0.16637237
43.800000 0.16945596
43.900000 0.17253956
44.000000 0.17562315
44.100000 0.17870674
44.200000 0.18179034
44.300000 0.18487393
44.400000 0.18795752
44.500000 0.19104111
44.600000 0.19412471
44.700000 0.19720830
44.800000 0.20029189
44.900000 0.20337548
45.000000 0.20645908
45.100000 0.20954267
45.200000 0.21262626
45.300000 0.21570986
45.400000 0.21879345
45.500000 0.22187704
45.600000 0.22252642
45.700000 0.22194888
45.800000 0.22137134
45.900000 0.22079379
46.000000 0.22021625
46.100000 0.21963871
46.200000 0.21906117
46.300000 0.21848363
46.400000 0.21790608
46.500000 0.21732854
46.600000 0.21675100
46.700000 0.21617346
46.800000 0.21559592
46.900000 0.21501838
47.000000 0.21444083
47.100000 0.21386329
47.200000 0.21328575
47.300000 0.21270821
47.400000 0.21213067
47.500000 0.21155312
47.600000 0.21097558
47.700000 0.21039804
47.800000 0.20982050
47.900000 0.20924296
48.000000 0.20866542
48.100000 0.20808787
48.200000 0.20751033
48.300000 0.20693279
48.400000 0.20635525
48.500000 0.20577771
48.600000 0.20520016
48.700000 0.20462262
48.800000 0.20404508
48.900000 0.20346754
49.000000 0.20289000
49.100000 0.20231245
49.200000 0.20173491
49.300000 0.20115737
49.400000 0.20057983
49.500000 0.20000229
49.600000 0.19942475
49.700000 0.20166267
49.800000 0.20487392
49.900000 0.20808518
50.000000 0.21129643
50.100000 0.21450769
50.200000 0.21771894
50.300000 0.22093020
50.400000 0.22414146
50.500000 0.22735271
50.600000 0.23056397
50.700000 0.23377522
50.800000 0.23698648
50.900000 0.24019773
51.000000 0.24340899
51.100000 0.24662025
51.200000 0.24983150
51.300000 0.25304276
51.400000 0.25625401
51.500000 0.25946527
51.600000 0.26267652
51.700000 0.26588778
51.800000 0.26909903
51.900000 0.27231029
52.000000 0.27552155
52.100000 0.27828202
52.200000 0.28100909
52.300000 0.28373616
52.400000 0.28646322
52.500000 0.28919029
52.600000 0.29191736
52.700000 0.29464442
52.800000 0.29737149
52.900000 0.30009856
53.000000 0.30282562
53.100000 0.30555269
53.200000 0.30827976
53.300000 0.31100682
53.400000 0.31373389
53.500000 0.31646096
53.600000 0.31918802
53.700000 0.32191509
53.800000 0.32464216
53.900000 0.32736922
54.000000 0.33009629
54.100000 0.33282336
54.200000 0.33555042
54.300000 0.33827749
54.400000 0.34100456
54.500000 0.34373162
54.600000 0.34645869
54.700000 0.34918576
54.800000 0.35191282
54.900000 0.35463989
55.000000 0.35302677
55.100000 0.33781330
55.200000 0.32259984
55.300000 0.30738638
55.400000 0.29217291
55.500000 0.27695945
55.600000 0.26174599
55.700000 0.24653253
55.800000 0.23431715
55.900000 0.23542596
56.000000 0.23653477
56.100000 0.23764359
56.200000 0.23875240
56.300000 0.23986121
56.400000 0.24097002
56.500000 0.24207884
56.600000 0.24318765
56.700000 0.24429646
56.800000 0.24540527
56.900000 0.24651409
57.000000 0.24762290
57.100000 0.24873171
57.200000 0.24984052
57.300000 0.25094934
57.400000 0.25205815
57.500000 0.25202297
57.600000 0.24665438
57.700000 0.24128579
57.800000 0.23591720
57.900000 0.23054861
58.000000 0.22518001
58.100000 0.21981142
58.200000 0.21444283
58.300000 0.20907424
58.400000 0.20370565
58.500000 0.19833706
58.600000 0.19296847
58.700000 0.18759988
58.800000 0.18223129
58.900000 0.17686270
59.000000 0.17149411
59.100000 0.16612552
59.200000 0.16075693
59.300000 0.15538833
59.400000 0.15001974
59.500000 0.14478614
59.600000 0.13963741
59.700000 0.13448867
59.800000 0.12933994
59.900000 0.12419121
60.000000 0.11904248
60.100000 0.11389375
60.200000 0.11188811
60.300000 0.11126969
60.400000 0.11065127
60.500000 0.11003285
60.600000 0.10941443
60.700000 0.10879602
60.800000 0.10817760
60.900000 0.10755918
61.000000 0.10694076
61.100000 0.10632235
61.200000 0.10570393
61.300000 0.10508551
61.400000 0.10446709
61.500000 0.10384867
61.600000 0.10323026
61.700000 0.10261184
61.800000 0.10269236
61.900000 0.10400849
62.000000 0.10532462
62.100000 0.10664075
62.200000 0.10795689
62.300000 0.10927302
62.400000 0.11058915
62.500000 0.11190528
62.600000 0.11322141
62.700000 0.11453754
62.800000 0.11585367
62.900000 0.11716980
63.000000 0.11848594
63.100000 0.11980207
63.200000 0.12111820
63.300000 0.12243433
63.400000 0.12375046
63.500000 0.12506659
63.600000 0.12638272
63.700000 0.12769885
63.800000 0.12901499
63.900000 0.13033112
64.000000 0.13161524
64.100000 0.12933753
64.200000 0.12705982
64.300000 0.12478211
64.400000 0.12250439
64.500000 0.12022668
64.600000 0.11794897
64.700000 0.11567126
64.800000 0.11339355
64.900000 0.11111584
65.000000 0.10883813
65.100000 0.10656042
65.200000 0.10428271
65.300000 0.10200500
65.400000 0.09972729
65.500000 0.09744958
65.600000 0.09517186
65.700000 0.09289415
65.800000 0.09061644
65.900000 0.08833873
66.000000 0.08606102
66.100000 0.08378331
66.200000 0.08150560
66.300000 0.07922789
66.400000 0.07729436
66.500000 0.07588352
66.600000 0.07513476
66.700000 0.07777154
66.800000 0.08040833
66.900000 0.08304511
67.000000 0.08568190
67.100000 0.08831868
67.200000 0.09095547
67.300000 0.09359225
67.400000 0.09622904
67.500000 0.09886582
67.600000 0.10150260
67.700000 0.10413939
67.800000 0.10677617
67.900000 0.10941296
68.000000 0.11204974
68.100000 0.11468653
68.200000 0.11732331
68.300000 0.11996010
68.400000 0.12259688
68.500000 0.12523367
68.600000 0.12787045
68.700000 0.12969732
68.800000 0.12935667
68.900000 0.12901603
69.000000 0.12867539
69.100000 0.12833475
69.200000 0.12799411
69.300000 0.12765347
69.400000 0.12731283
69.500000 0.12697219
69.600000 0.12663155
69.700000 0.12536476
69.800000 0.12388855
69.900000 0.12241235
70.000000 0.12093614
70.100000 0.11945994
70.200000 0.11798373
70.300000 0.11650753
70.400000 0.11503132
70.500000 0.11355512
70.600000 0.11207891
70.700000 0.11060271
70.800000 0.10912650
70.900000 0.10765030
71.000000 0.10617409
71.100000 0.10469789
71.200000 0.10322168
71.300000 0.10174548
71.400000 0.10026927
71.500000 0.09879307
71.600000 0.09731686
71.700000 0.09584066
71.800000 0.09436445
71.900000 0.09288825
72.000000 0.09141204
72.100000 0.08993584
72.200000 0.08845963
72.300000 0.08698343
72.400000 0.08550722
72.500000 0.08403102
72.600000 0.08255481
72.700000 0.08107861
72.800000 0.07960240
72.900000 0.07812620
73.000000 0.07664999
73.100000 0.07517379
73.200000 0.07369758
73.300000 0.07222138
73.400000 0.07074517
73.500000 0.06926897
73.600000 0.06779276
73.700000 0.06719394
73.800000 0.06678502
73.900000 0.06637611
74.000000 0.06596720
74.100000 0.06555828
74.200000 0.06514937
74.300000 0.06474045
74.400000 0.06433154
74.500000 0.06392263
74.600000 0.06351371
74.700000 0.06310480
74.800000 0.06269589
74.900000 0.06228697
75.000000 0.06187806
75.100000 0.06146915
75.200000 0.06106023
75.300000 0.06065132
75.400000 0.06024241
75.500000 0.06060032
75.600000 0.06171577
75.700000 0.06283122
75.800000 0.06394668
75.900000 0.06506213
76.000000 0.06617758
76.100000 0.06729304
76.200000 0.06840849
76.300000 0.06864285
76.400000 0.06852718
76.500000 0.06841151
76.600000 0.06829584
76.700000 0.06818017
76.800000 0.06806450
76.900000 0.06794883
77.000000 0.06783316
77.100000 0.06771749
77.200000 0.06760181
77.300000 0.06748614
77.400000 0.06737047
77.500000 0.06725480
77.600000 0.06713913
77.700000 0.06702346
77.800000 0.06690779
77.900000 0.06679212
78.000000 0.06667645
78.100000 0.06656078
78.200000 0.06644511
78.300000 0.06632944
78.400000 0.06621376
78.500000 0.06609809
78.600000 0.06598242
78.700000 0.06586675
78.800000 0.06575108
78.900000 0.06563541
79.000000 0.06551974
79.100000 0.06540407
79.200000 0.06528840
79.300000 0.06517273
79.400000 0.06505706
79.500000 0.06494139
79.600000 0.06482572
79.700000 0.06471004
79.800000 0.06459437
79.900000 0.06447870
80.000000 0.06436303
80.100000 0.06424736
80.200000 0.06413169
80.300000 0.06401602
80.400000 0.06390035
80.500000 0.06378468
80.600000 0.06366901
80.700000 0.06355334
80.800000 0.06343767
80.900000 0.06332200
81.000000 0.06320632
81.100000 0.06309065
81.200000 0.06297498
81.300000 0.06285931
81.400000 0.06274364
81.500000 0.06262797
81.600000 0.06251230
81.700000 0.06239663
81.800000 0.06228096
81.900000 0.06216529
82.000000 0.06204962
82.100000 0.06193395
82.200000 0.06181828
82.300000 0.06170260
82.400000 0.06165847
82.500000 0.06187910
82.600000 0.06209974
82.700000 0.06232037
82.800000 0.06254101
82.900000 0.06276165
83.000000 0.06297977
83.100000 0.06319202
83.200000 0.06340428
83.300000 0.06361653
83.400000 0.06382878
83.500000 0.06404104
83.600000 0.06425329
83.700000 0.06446555
83.800000 0.06467780
83.900000 0.06489005
84.000000 0.06510231
84.100000 0.06531456
84.200000 0.06552682
84.300000 0.06573907
84.400000 0.06595132
84.500000 0.06616358
84.600000 0.06637583
84.700000 0.06658809
84.800000 0.06680034
84.900000 0.06701260
85.000000 0.06722485
85.100000 0.06743710
85.200000 0.06764936
85.300000 0.06786161
85.400000 0.06807387
85.500000 0.06828612
85.600000 0.06849837
85.700000 0.06871063
85.800000 0.06892288
85.900000 0.06913514
86.000000 0.06934739
86.100000 0.06955965
86.200000 0.06977190
86.300000 0.06998415
86.400000 0.07019641
86.500000 0.07040866
86.600000 0.07062092
86.700000 0.07083317
86.800000 0.07104542
86.900000 0.07125768
87.000000 0.07146993
87.100000 0.07168219
87.200000 0.07189444
87.300000 0.07222299
87.400000 0.07255768
87.500000 0.07289237
87.600000 0.07341368
87.700000 0.07439628
87.800000 0.07537888
87.900000 0.07636148
88.000000 0.07693646
88.100000 0.07663891
88.200000 0.07634136
88.300000 0.07604381
88.400000 0.07574626
88.500000 0.07544871
88.600000 0.07515116
88.700000 0.07485361
88.800000 0.07455606
88.900000 0.07425851
89.000000 0.07396096
89.100000 0.07366341
89.200000 0.07336586
89.300000 0.07306831
89.400000 0.07277076
89.500000 0.07247321
89.600000 0.07217566
89.700000 0.07187811
89.800000 0.07158056
89.900000 0.07128301
90.000000 0.07098546
90.100000 0.07068791
90.200000 0.07039036
90.300000 0.07009281
90.400000 0.06979526
90.500000 0.06949771
90.600000 0.06920016
90.700000 0.07103545
90.800000 0.07344135
90.900000 0.07584725
91.000000 0.07825316
91.100000 0.07970279
91.200000 0.07992797
91.300000 0.08015315
91.400000 0.08037832
91.500000 0.08060350
91.600000 0.08082868
91.700000 0.08105385
91.800000 0.08127903
91.900000 0.08150421
92.000000 0.08172938
92.100000 0.08195456
92.200000 0.08217974
92.300000 0.08240491
92.400000 0.08263009
92.500000 0.08285527
92.600000 0.08308044
92.700000 0.08330562
92.800000 0.08353080
92.900000 0.08375597
93.000000 0.08398115
93.100000 0.08420633
93.200000 0.08443151
93.300000 0.08465668
93.400000 0.08488186
93.500000 0.08510704
93.600000 0.08465010
93.700000 0.08398457
93.800000 0.08331904
93.900000 0.08265351
94.000000 0.08198798
94.100000 0.08132245
94.200000 0.08065692
94.300000 0.07999139
94.400000 0.07932586
94.500000 0.07866033
94.600000 0.07799480
94.700000 0.07732928
94.800000 0.07666375
94.900000 0.07599822
95.000000 0.07533269
95.100000 0.07466716
95.200000 0.07400163
95.300000 0.07333610
95.400000 0.07267057
95.500000 0.07200504
95.600000 0.07133951
95.700000 0.07067398
95.800000 0.07003500
95.900000 0.07008312
96.000000 0.07013124
96.100000 0.07017936
96.200000 0.07022748
96.300000 0.07027560
96.400000 0.07032372
96.500000 0.07037184
96.600000 0.07041996
96.700000 0.07046808
96.800000 0.07051620
96.900000 0.07056432
97.000000 0.07061244
97.100000 0.07066056
97.200000 0.07070869
97.300000 0.07075681
97.400000 0.07080493
97.500000 0.07085305
97.600000 0.07090117
97.700000 0.07094929
97.800000 0.07099741
97.900000 0.07104553
98.000000 0.07109365
98.100000 0.07114177
98.200000 0.07118989
98.300000 0.07123801
98.400000 0.07128613
98.500000 0.07133425
98.600000 0.07138237
98.700000 0.07143049
98.800000 0.07147861
98.900000 0.07152673
99.000000 0.07157485
99.100000 0.07162297
99.200000 0.07167109
99.300000 0.07171921
99.400000 0.07176733
99.500000 0.07181545
99.600000 0.07186357
99.700000 0.07188556
99.800000 0.07190568
99.900000 0.07192580
100.000000 0.07194592
100.100000 0.07196604
100.200000 0.07198616
100.300000 0.07200629
100.400000 0.07202641
100.500000 0.07204653
100.600000 0.07206665
100.700000 0.07208677
100.800000 0.07210689
100.900000 0.07212701
101.000000 0.07214713
101.100000 0.07216725
101.200000 0.07218737
101.300000 0.07220749
101.400000 0.07222761
101.500000 0.07224773
101.600000 0.07226785
101.700000 0.07228797
101.800000 0.07230809
101.900000 0.07232822
102.000000 0.07234834
102.100000 0.07236846
102.200000 0.07238858
102.300000 0.07240870
102.400000 0.07242882
102.500000 0.07244894
102.600000 0.07246906
102.700000 0.07248918
102.800000 0.07250930
102.900000 0.07252942
103.000000 0.07254954
103.100000 0.07256966
103.200000 0.07258978
103.300000 0.07260990
103.400000 0.07263003
103.500000 0.07265015
103.600000 0.07267027
103.700000 0.07269039
103.800000 0.07271051
103.900000 0.07273063
104.000000 0.07275075
104.100000 0.07277087
104.200000 0.07279099
104.300000 0.07281111
104.400000 0.07283123
104.500000 0.07285135
104.600000 0.07287147
104.700000 0.07289159
104.800000 0.07291171
104.900000 0.07293183
105.000000 0.07295196
105.100000 0.07297208
105.200000 0.07299220
105.300000 0.07301232
105.400000 0.07303244
105.500000 0.07305256
105.600000 0.07307268
105.700000 0.07309280
105.800000 0.07311292
105.900000 0.07313304
106.000000 0.07315316
106.100000 0.07317328
106.200000 0.07319340
106.300000 0.07321352
106.400000 0.07323364
106.500000 0.07325377
106.600000 0.07327389
106.700000 0.07329401
106.800000 0.07331413
106.900000 0.07333425
107.000000 0.07335437
107.100000 0.07337449
107.200000 0.07339461
107.300000 0.07341473
107.400000 0.07343485
107.500000 0.07345497
107.600000 0.07347509
107.700000 0.07349521
107.800000 0.07351533
107.900000 0.07353545
108.000000 0.07355557
108.100000 0.07357570
108.200000 0.07359582
108.300000 0.07361594
108.400000 0.07363606
108.500000 0.07365618
108.600000 0.07367630
108.700000 0.07369642
108.800000 0.07371654
108.900000 0.07373666
109.000000 0.07375678
109.100000 0.07377690
109.200000 0.07379702
109.300000 0.07381714
109.400000 0.07383726
109.500000 0.07385738
109.600000 0.07387751
109.700000 0.07389763
109.800000 0.07391775
109.900000 0.07393787
110.000000 0.07395799
110.100000 0.07397811
110.200000 0.07399823
110.300000 0.07401835
110.400000 0.07403847
110.500000 0.07405859
110.600000 0.07407871
110.700000 0.07409883
110.800000 0.07411895
110.900000 0.07413907
111.000000 0.07415919
111.100000 0.07417931
111.200000 0.07411437
111.300000 0.07392476
111.400000 0.07373514
111.500000 0.07354552
111.600000 0.07335590
111.700000 0.07316629
111.800000 0.07297667
111.900000 0.07278705
112.000000 0.07259743
112.100000 0.07240782
112.200000 0.07221820
112.300000 0.07202858
112.400000 0.07183896
112.500000 0.07164935
112.600000 0.07145973
112.700000 0.07127011
112.800000 0.07108049
112.900000 0.07089088
113.000000 0.07070126
113.100000 0.07051164
113.200000 0.07032202
113.300000 0.07013241
113.400000 0.06994279
113.500000 0.06975317
113.600000 0.06956355
113.700000 0.06937394
113.800000 0.06918432
113.900000 0.06899470
114.000000 0.06880508
114.100000 0.06861547
114.200000 0.06842585
114.300000 0.06823623
114.400000 0.06804661
114.500000 0.06785700
114.600000 0.06766738
114.700000 0.06747776
114.800000 0.06728814
114.900000 0.06709852
115.000000 0.06690891
115.100000 0.06671929
115.200000 0.06652967
115.300000 0.06634005
115.400000 0.06615044
115.500000 0.06596082
115.600000 0.06577120
115.700000 0.06558158
115.800000 0.06539197
115.900000 0.06520235
116.000000 0.06504900
116.100000 0.06523735
116.200000 0.06542571
116.300000 0.06561406
116.400000 0.06580242
116.500000 0.06599078
116.600000 0.06617913
116.700000 0.06636749
116.800000 0.06655585
116.900000 0.06674420
117.000000 0.06693256
117.100000 0.06712092
117.200000 0.06730927
117.300000 0.06749763
117.400000 0.06768598
117.500000 0.06787434
117.600000 0.06806270
117.700000 0.06825105
117.800000 0.06843941
117.900000 0.06862777
118.000000 0.06881612
118.100000 0.06900448
118.200000 0.06919284
118.300000 0.06938119
118.400000 0.06956955
118.500000 0.06975790
118.600000 0.06994626
118.700000 0.06934608
118.800000 0.06616724
118.900000 0.06298840
119.000000 0.05980956
119.100000 0.05663072
119.200000 0.05345188
119.300000 0.05027304
119.400000 0.04709420
119.500000 0.04391537
119.600000 0.04073653
119.700000 0.03755769
119.800000 0.03437885
119.900000 0.02041111
