0.000000 0.00000000
0.100000 0.00285731
0.200000 0.00571462
0.300000 0.00857193
0.400000 0.01142924
0.500000 0.01428655
0.600000 0.01714386
0.700000 0.02000117
0.800000 0.02285848
0.900000 0.02571579
1.000000 0.02857310
1.100000 0.03143041
1.200000 0.03428772
1.300000 0.03714503
1.400000 0.04000234
1.500000 0.04285965
1.600000 0.04571696
1.700000 0.04857427
1.800000 0.05143158
1.900000 0.05428889
2.000000 0.05714620
2.100000 0.06000351
2.200000 0.06286082
2.300000 0.06571813
2.400000 0.06857544
2.500000 0.07143275
2.600000 0.07429006
2.700000 0.07714737
2.800000 0.08000468
2.900000 0.08286199
3.000000 0.08571930
3.100000 0.08857661
3.200000 0.09143392
3.300000 0.09429123
3.400000 0.09714854
3.500000 0.10000585
3.600000 0.10286316
3.700000 0.10572047
3.800000 0.10857778
3.900000 0.11143509
4.000000 0.11429240
4.100000 0.11714971
4.200000 0.12000702
4.300000 0.12286433
4.400000 0.12572164
4.500000 0.12857895
4.600000 0.13143626
4.700000 0.13429357
4.800000 0.13715088
4.900000 0.14000819
5.000000 0.14286550
5.100000 0.14572280
5.200000 0.14858011
5.300000 0.15143742
5.400000 0.15429473
5.500000 0.15715204
5.600000 0.16000935
5.700000 0.16286666
5.800000 0.16572397
5.900000 0.16858128
6.000000 0.17143859
6.100000 0.17429590
6.200000 0.17715321
6.300000 0.18001052
6.400000 0.18286783
6.500000 0.18572514
6.600000 0.18858245
6.700000 0.19143976
6.800000 0.19429707
6.900000 0.19715438
7.000000 0.20001169
7.100000 0.20286900
7.200000 0.20572631
7.300000 0.20858362
7.400000 0.21144093
7.500000 0.21429824
7.600000 0.21715555
7.700000 0.22001286
7.800000 0.22287017
7.900000 0.22572748
8.000000 0.22858479
8.100000 0.23144210
8.200000 0.23429941
8.300000 0.23715672
8.400000 0.24001403
8.500000 0.24287134
8.600000 0.24572865
8.700000 0.24858596
8.800000 0.25144327
8.900000 0.25430058
9.000000 0.25715789
9.100000 0.26001520
9.200000 0.26287251
9.300000 0.26572982
9.400000 0.26858713
9.500000 0.27144444
9.600000 0.27430175
9.700000 0.27715906
9.800000 0.28001637
9.900000 0.28287368
10.000000 0.28573099
10.100000 0.28858830
10.200000 0.29144561
10.300000 0.29430292
10.400000 0.29716023
10.500000 0.30001754
10.600000 0.30287485
10.700000 0.30573216
10.800000 0.30858947
10.900000 0.31144678
11.000000 0.31430409
11.100000 0.31716140
11.200000 0.32001871
11.300000 0.32287602
11.400000 0.32573333
11.500000 0.32859064
11.600000 0.33144795
11.700000 0.33430526
11.800000 0.33716257
11.900000 0.34001988
12.000000 0.34287719
12.100000 0.34573450
12.200000 0.34859181
12.300000 0.35144912
12.400000 0.35430643
12.500000 0.35716374
12.600000 0.36002105
12.700000 0.36287836
12.800000 0.36573567
12.900000 0.36859298
13.000000 0.37145029
13.100000 0.37430760
13.200000 0.37716491
13.300000 0.38002222
13.400000 0.38287953
13.500000 0.38573684
13.600000 0.38859415
13.700000 0.39145146
13.800000 0.39430877
13.900000 0.39716608
14.000000 0.40002339
14.100000 0.40288070
14.200000 0.40573801
14.300000 0.40859532
14.400000 0.41145263
14.500000 0.41430994
14.600000 0.41716725
14.700000 0.42002456
14.800000 0.42288187
14.900000 0.42573918
15.000000 0.42859649
15.100000 0.43145379
15.200000 0.43431110
15.300000 0.43716841
15.400000 0.44002572
15.500000 0.44288303
15.600000 0.44574034
15.700000 0.44859765
15.800000 0.45145496
15.900000 0.45431227
16.000000 0.45716958
16.100000 0.46002689
16.200000 0.46288420
16.300000 0.46574151
16.400000 0.46859882
16.500000 0.47145613
16.600000 0.47431344
16.700000 0.47717075
16.800000 0.48002806
16.900000 0.48288537
17.000000 0.48574268
17.100000 0.48859999
17.200000 0.49145730
17.300000 0.49431461
17.400000 0.49717192
17.500000 0.50002923
17.600000 0.50288654
17.700000 0.50574385
17.800000 0.50860116
17.900000 0.51145847
18.000000 0.51431578
18.100000 0.51717309
18.200000 0.52003040
18.300000 0.52288771
18.400000 0.52574502
18.500000 0.52860233
18.600000 0.53145964
18.700000 0.53431695
18.800000 0.53717426
18.900000 0.54003157
19.000000 0.54288888
19.100000 0.54574619
19.200000 0.54860350
19.300000 0.55146081
19.400000 0.55431812
19.500000 0.55717543
19.600000 0.56003274
19.700000 0.56289005
19.800000 0.56574736
19.900000 0.56860467
20.000000 0.57146198
20.100000 0.57431929
20.200000 0.57717660
20.300000 0.58003391
20.400000 0.58289122
20.500000 0.58574853
20.600000 0.58860584
20.700000 0.59146315
20.800000 0.59432046
20.900000 0.59717777
21.000000 0.60003508
21.100000 0.60289239
21.200000 0.60574970
21.300000 0.60860701
21.400000 0.61146432
21.500000 0.61432163
21.600000 0.61717894
21.700000 0.62003625
21.800000 0.62289356
21.900000 0.62575087
22.000000 0.62860818
22.100000 0.63146549
22.200000 0.63432280
22.300000 0.63718011
22.400000 0.63988634
22.500000 0.64256981
22.600000 0.64525328
22.700000 0.64793675
22.800000 0.65062022
22.900000 0.65330369
23.000000 0.65598717
23.100000 0.65867064
23.200000 0.66135411
23.300000 0.66403758
23.400000 0.66672105
23.500000 0.66940452
23.600000 0.67208799
23.700000 0.67477147
23.800000 0.67745494
23.900000 0.68013841
24.000000 0.68282188
24.100000 0.68550535
24.200000 0.68818882
24.300000 0.69087229
24.400000 0.69355577
24.500000 0.69623924
24.600000 0.69892271
24.700000 0.70160618
24.800000 0.70428965
24.900000 0.70697312
25.000000 0.70965659
25.100000 0.71234006
25.200000 0.71502354
25.300000 0.71770701
25.400000 0.72039048
25.500000 0.72402082
25.600000 0.72806068
25.700000 0.73210053
25.800000 0.73614039
25.900000 0.74018025
26.000000 0.74422011
26.100000 0.74825996
26.200000 0.75229982
26.300000 0.75633968
26.400000 0.76037954
26.500000 0.76441940
26.600000 0.76845925
26.700000 0.77249911
26.800000 0.77653897
26.900000 0.78057883
27.000000 0.78461868
27.100000 0.78408108
27.200000 0.77840596
27.300000 0.77273084
27.400000 0.76705572
27.500000 0.76138060
27.600000 0.75570548
27.700000 0.75003036
27.800000 0.74435524
27.900000 0.73868012
28.000000 0.73300500
28.100000 0.72732988
28.200000 0.72165476
28.300000 0.71597964
28.400000 0.71030452
28.500000 0.70462940
28.600000 0.69895428
28.700000 0.69327916
28.800000 0.68760404
28.900000 0.68192892
29.000000 0.67625380
29.100000 0.67057869
29.200000 0.66490357
29.300000 0.65922845
29.400000 0.65355333
29.500000 0.64787821
29.600000 0.64220309
29.700000 0.63652797
29.800000 0.63085285
29.900000 0.62517773
30.000000 0.61950261
30.100000 0.61382749
30.200000 0.60815237
30.300000 0.60247725
30.400000 0.59680213
30.500000 0.59112701
30.600000 0.58545189
30.700000 0.57977677
30.800000 0.57410165
30.900000 0.56842653
31.000000 0.56275141
31.100000 0.55707629
31.200000 0.55140117
31.300000 0.54572605
31.400000 0.54005093
31.500000 0.53437581
31.600000 0.52870070
31.700000 0.52302558
31.800000 0.52113545
31.900000 0.52530837
32.000000 0.52948129
32.100000 0.53365420
32.200000 0.53782712
32.300000 0.54200004
32.400000 0.54617295
32.500000 0.55034587
32.600000 0.55451878
32.700000 0.55869170
32.800000 0.56286462
32.900000 0.56703753
33.000000 0.57121045
33.100000 0.57538337
33.200000 0.57503114
33.300000 0.56495047
33.400000 0.55486980
33.500000 0.54478914
33.600000 0.53470847
33.700000 0.52462780
33.800000 0.51454713
33.900000 0.50446646
34.000000 0.49438580
34.100000 0.48430513
34.200000 0.47422446
34.300000 0.46414379
34.400000 0.45406312
34.500000 0.44398246
34.600000 0.43390179
34.700000 0.42382112
34.800000 0.41374045
34.900000 0.40459423
35.000000 0.39711158
35.100000 0.38962894
35.200000 0.38214630
35.300000 0.37466365
35.400000 0.36718101
35.500000 0.35969837
35.600000 0.35221572
35.700000 0.34473308
35.800000 0.33725044
35.900000 0.32976779
36.000000 0.32228515
36.100000 0.41616871
36.200000 0.51861013
36.300000 0.54454746
36.400000 0.53434064
36.500000 0.52413381
36.600000 0.51392699
36.700000 0.50372016
36.800000 0.49351334
36.900000 0.48330651
37.000000 0.47309969
37.100000 0.46289286
37.200000 0.45268604
37.300000 0.44247921
37.400000 0.43227239
37.500000 0.42206556
37.600000 0.41185874
37.700000 0.40165191
37.800000 0.39144509
37.900000 0.38123826
38.000000 0.37103143
38.100000 0.36082461
38.200000 0.35061778
38.300000 0.34041096
38.400000 0.33020413
38.500000 0.31999731
38.600000 0.30979048
38.700000 0.29958366
38.800000 0.28937683
38.900000 0.27917001
39.000000 0.26896318
39.100000 0.25875636
39.200000 0.24854953
39.300000 0.23834271
39.400000 0.22813588
39.500000 0.21792906
39.600000 0.20772223
39.700000 0.19751541
39.800000 0.18730858
39.900000 0.17710175
40.000000 0.16689493
40.100000 0.15668810
40.200000 0.14648128
40.300000 0.13627445
40.400000 0.12839113
40.500000 0.12221138
40.600000 0.11603163
40.700000 0.11208443
40.800000 0.10938604
40.900000 0.10668765
41.000000 0.10398925
41.100000 0.10129086
41.200000 0.09859247
41.300000 0.09589408
41.400000 0.09319569
41.500000 0.09049730
41.600000 0.08779891
41.700000 0.08825608
41.800000 0.09117574
41.900000 0.09409539
42.000000 0.09701504
42.100000 0.09993469
42.200000 0.10285434
42.300000 0.10577399
42.400000 0.10869364
42.500000 0.11161329
42.600000 0.11453295
42.700000 0.11745260
42.800000 0.12037225
42.900000 0.12329190
43.000000 0.12621155
43.100000 0.12913120
43.200000 0.13205085
43.300000 0.13497050
43.400000 0.13789016
43.500000 0.14080981
43.600000 0.14372946
43.700000 0.14664911
43.800000 0.14956876
43.900000 0.15248841
44.000000 0.15540806
44.100000 0.15832771
44.200000 0.16124737
44.300000 0.16416702
44.400000 0.16708667
44.500000 0.17000632
44.600000 0.17292597
44.700000 0.17584562
44.800000 0.17876527
44.900000 0.18168492
45.000000 0.18460458
45.100000 0.18752423
45.200000 0.19044388
45.300000 0.19336353
45.400000 0.19628318
45.500000 0.19920283
45.600000 0.20077014
45.700000 0.20165583
45.800000 0.20254152
45.900000 0.20342720
46.000000 0.20431289
46.100000 0.20519858
46.200000 0.20608427
46.300000 0.20696995
46.400000 0.20785564
46.500000 0.20874133
46.600000 0.20962702
46.700000 0.21051271
46.800000 0.21139839
46.900000 0.21228408
47.000000 0.21316977
47.100000 0.21405546
47.200000 0.21494114
47.300000 0.21582683
47.400000 0.21671252
47.500000 0.21759821
47.600000 0.21848389
47.700000 0.21936958
47.800000 0.22025527
47.900000 0.22114096
48.000000 0.22202664
48.100000 0.22291233
48.200000 0.22379802
48.300000 0.22468371
48.400000 0.22556939
48.500000 0.22645508
48.600000 0.22734077
48.700000 0.22822646
48.800000 0.22911214
48.900000 0.22999783
49.000000 0.23088352
49.100000 0.23176921
49.200000 0.23265489
49.300000 0.23354058
49.400000 0.23442627
49.500000 0.23531196
49.600000 0.23619764
49.700000 0.23864748
49.800000 0.24163805
49.900000 0.24462863
50.000000 0.24761920
50.100000 0.25060978
50.200000 0.25360035
50.300000 0.25659093
50.400000 0.25958150
50.500000 0.26257208
50.600000 0.26556265
50.700000 0.26855323
50.800000 0.27154380
50.900000 0.27453438
51.000000 0.27752495
51.100000 0.28051553
51.200000 0.28350610
51.300000 0.28649668
51.400000 0.28948725
51.500000 0.29247783
51.600000 0.29546840
51.700000 0.29845898
51.800000 0.30144956
51.900000 0.30444013
52.000000 0.30743071
52.100000 0.30980658
52.200000 0.31213690
52.300000 0.31446722
52.400000 0.31679754
52.500000 0.31912785
52.600000 0.32145817
52.700000 0.32378849
52.800000 0.32611881
52.900000 0.32844912
53.000000 0.33077944
53.100000 0.33310976
53.200000 0.33544007
53.300000 0.33777039
53.400000 0.34010071
53.500000 0.34243103
53.600000 0.34476134
53.700000 0.34709166
53.800000 0.34942198
53.900000 0.35175230
54.000000 0.35408261
54.100000 0.35641293
54.200000 0.35874325
54.300000 0.36107357
54.400000 0.36340388
54.500000 0.36573420
54.600000 0.36806452
54.700000 0.37039483
54.800000 0.37272515
54.900000 0.37505547
55.000000 0.37146735
55.100000 0.34933330
55.200000 0.32719926
55.300000 0.30506522
55.400000 0.28293118
55.500000 0.26079714
55.600000 0.23866310
55.700000 0.21652906
55.800000 0.19848332
55.900000 0.19860692
56.000000 0.19873053
56.100000 0.19885414
56.200000 0.19897774
56.300000 0.19910135
56.400000 0.19922496
56.500000 0.19934856
56.600000 0.19947217
56.700000 0.19959578
56.800000 0.19971939
56.900000 0.19984299
57.000000 0.19996660
57.100000 0.20009021
57.200000 0.20021381
57.300000 0.20033742
57.400000 0.20046103
57.500000 0.19994908
57.600000 0.19647413
57.700000 0.19299918
57.800000 0.18952423
57.900000 0.18604928
58.000000 0.18257433
58.100000 0.17909938
58.200000 0.17562443
58.300000 0.17214948
58.400000 0.16867453
58.500000 0.16519958
58.600000 0.16172463
58.700000 0.15824968
58.800000 0.15477473
58.900000 0.15129978
59.000000 0.14782483
59.100000 0.14434988
59.200000 0.14087493
59.300000 0.13739998
59.400000 0.13392503
59.500000 0.13063415
59.600000 0.12745901
59.700000 0.12428386
59.800000 0.12110872
59.900000 0.11793358
60.000000 0.11475844
60.100000 0.11158329
60.200000 0.11015431
60.300000 0.10949601
60.400000 0.10883771
60.500000 0.10817941
60.600000 0.10752111
60.700000 0.10686280
60.800000 0.10620450
60.900000 0.10554620
61.000000 0.10488790
61.100000 0.10422960
61.200000 0.10357130
61.300000 0.10291300
61.400000 0.10225469
61.500000 0.10159639
61.600000 0.10093809
61.700000 0.10027979
61.800000 0.10057459
61.900000 0.10255431
62.000000 0.10453403
62.100000 0.10651375
62.200000 0.10849347
62.300000 0.11047319
62.400000 0.11245291
62.500000 0.11443263
62.600000 0.11641235
62.700000 0.11839207
62.800000 0.12037179
62.900000 0.12235151
63.000000 0.12433123
63.100000 0.12631095
63.200000 0.12829067
63.300000 0.13027039
63.400000 0.13225011
63.500000 0.13422983
63.600000 0.13620955
63.700000 0.13818927
63.800000 0.14016898
63.900000 0.14214870
64.000000 0.14408477
64.100000 0.14116380
64.200000 0.13824283
64.300000 0.13532185
64.400000 0.13240088
64.500000 0.12947991
64.600000 0.12655893
64.700000 0.12363796
64.800000 0.12071698
64.900000 0.11779601
65.000000 0.11487504
65.100000 0.11195406
65.200000 0.10903309
65.300000 0.10611211
65.400000 0.10319114
65.500000 0.10027017
65.600000 0.09734919
65.700000 0.09442822
65.800000 0.09150725
65.900000 0.08858627
66.000000 0.08566530
66.100000 0.08274432
66.200000 0.07982335
66.300000 0.07690238
66.400000 0.07417261
66.500000 0.07173324
66.600000 0.07019669
66.700000 0.07327679
66.800000 0.07635690
66.900000 0.07943700
67.000000 0.08251711
67.100000 0.08559721
67.200000 0.08867732
67.300000 0.09175742
67.400000 0.09483753
67.500000 0.09791763
67.600000 0.10099774
67.700000 0.10407784
67.800000 0.10715795
67.900000 0.11023805
68.000000 0.11331816
68.100000 0.11639826
68.200000 0.11947837
68.300000 0.12255847
68.400000 0.12563858
68.500000 0.12871868
68.600000 0.13179879
68.700000 0.13377446
68.800000 0.13279444
68.900000 0.13181442
69.000000 0.13083440
69.100000 0.12985438
69.200000 0.12887436
69.300000 0.12789434
69.400000 0.12691432
69.500000 0.12593430
69.600000 0.12495428
69.700000 0.12345973
69.800000 0.12184884
69.900000 0.12023795
70.000000 0.11862706
70.100000 0.11701617
70.200000 0.11540528
70.300000 0.11379439
70.400000 0.11218350
70.500000 0.11057262
70.600000 0.10896173
70.700000 0.10735084
70.800000 0.10573995
70.900000 0.10412906
71.000000 0.10251817
71.100000 0.10090728
71.200000 0.09929639
71.300000 0.09768550
71.400000 0.09607461
71.500000 0.09446372
71.600000 0.09285283
71.700000 0.09124194
71.800000 0.08963106
71.900000 0.08802017
72.000000 0.08640928
72.100000 0.08479839
72.200000 0.08318750
72.300000 0.08157661
72.400000 0.07996572
72.500000 0.07835483
72.600000 0.07674394
72.700000 0.07513305
72.800000 0.07352216
72.900000 0.07191127
73.000000 0.07030038
73.100000 0.06868949
73.200000 0.06707861
73.300000 0.06546772
73.400000 0.06385683
73.500000 0.06224594
73.600000 0.06063505
73.700000 0.06022059
73.800000 0.06006510
73.900000 0.05990960
74.000000 0.05975411
74.100000 0.05959862
74.200000 0.05944313
74.300000 0.05928764
74.400000 0.05913215
74.500000 0.05897665
74.600000 0.05882116
74.700000 0.05866567
74.800000 0.05851018
74.900000 0.05835469
75.000000 0.05819920
75.100000 0.05804370
75.200000 0.05788821
75.300000 0.05773272
75.400000 0.05757723
75.500000 0.05784775
75.600000 0.05853913
75.700000 0.05923051
75.800000 0.05992189
75.900000 0.06061327
76.000000 0.06130464
76.100000 0.06199602
76.200000 0.06268740
76.300000 0.06288928
76.400000 0.06289671
76.500000 0.06290413
76.600000 0.06291155
76.700000 0.06291897
76.800000 0.06292639
76.900000 0.06293381
77.000000 0.06294123
77.100000 0.06294865
77.200000 0.06295607
77.300000 0.06296349
77.400000 0.06297092
77.500000 0.06297834
77.600000 0.06298576
77.700000 0.06299318
77.800000 0.06300060
77.900000 0.06300802
78.000000 0.06301544
78.100000 0.06302286
78.200000 0.06303028
78.300000 0.06303770
78.400000 0.06304512
78.500000 0.06305255
78.600000 0.06305997
78.700000 0.06306739
78.800000 0.06307481
78.900000 0.06308223
79.000000 0.06308965
79.100000 0.06309707
79.200000 0.06310449
79.300000 0.06311191
79.400000 0.06311933
79.500000 0.06312676
79.600000 0.06313418
79.700000 0.06314160
79.800000 0.06314902
79.900000 0.06315644
80.000000 0.06316386
80.100000 0.06317128
80.200000 0.06317870
80.300000 0.06318612
80.400000 0.06319354
80.500000 0.06320096
80.600000 0.06320839
80.700000 0.06321581
80.800000 0.06322323
80.900000 0.06323065
81.000000 0.06323807
81.100000 0.06324549
81.200000 0.06325291
81.300000 0.06326033
81.400000 0.06326775
81.500000 0.06327517
81.600000 0.06328260
81.700000 0.06329002
81.800000 0.06329744
81.900000 0.06330486
82.000000 0.06331228
82.100000 0.06331970
82.200000 0.06332712
82.300000 0.06333454
82.400000 0.06338170
82.500000 0.06357596
82.600000 0.06377022
82.700000 0.06396448
82.800000 0.06415874
82.900000 0.06435299
83.000000 0.06454382
83.100000 0.06472665
83.200000 0.06490948
83.300000 0.06509231
83.400000 0.06527513
83.500000 0.06545796
83.600000 0.06564079
83.700000 0.06582362
83.800000 0.06600645
83.900000 0.06618928
84.000000 0.06637210
84.100000 0.06655493
84.200000 0.06673776
84.300000 0.06692059
84.400000 0.06710342
84.500000 0.06728624
84.600000 0.06746907
84.700000 0.06765190
84.800000 0.06783473
84.900000 0.06801756
85.000000 0.06820039
85.100000 0.06838321
85.200000 0.06856604
85.300000 0.06874887
85.400000 0.06893170
85.500000 0.06911453
85.600000 0.06929736
85.700000 0.06948018
85.800000 0.06966301
85.900000 0.06984584
86.000000 0.07002867
86.100000 0.07021150
86.200000 0.07039433
86.300000 0.07057715
86.400000 0.07075998
86.500000 0.07094281
86.600000 0.07112564
86.700000 0.07130847
86.800000 0.07149129
86.900000 0.07167412
87.000000 0.07185695
87.100000 0.07203978
87.200000 0.07222261
87.300000 0.07247004
87.400000 0.07272089
87.500000 0.07297174
87.600000 0.07347707
87.700000 0.07461143
87.800000 0.07574580
87.900000 0.07688016
88.000000 0.07745867
88.100000 0.07684738
88.200000 0.07623608
88.300000 0.07562478
88.400000 0.07501348
88.500000 0.07440218
88.600000 0.07379089
88.700000 0.07317959
88.800000 0.07256829
88.900000 0.07195699
89.000000 0.07134569
89.100000 0.07073440
89.200000 0.07012310
89.300000 0.06951180
89.400000 0.06890050
89.500000 0.06828921
89.600000 0.06767791
89.700000 0.06706661
89.800000 0.06645531
89.900000 0.06584401
90.000000 0.06523272
90.100000 0.06462142
90.200000 0.06401012
90.300000 0.06339882
90.400000 0.06278752
90.500000 0.06217623
90.600000 0.06156493
90.700000 0.06386205
90.800000 0.06693728
90.900000 0.07001251
91.000000 0.07308773
91.100000 0.07485896
91.200000 0.07496047
91.300000 0.07506199
91.400000 0.07516350
91.500000 0.07526501
91.600000 0.07536652
91.700000 0.07546803
91.800000 0.07556954
91.900000 0.07567106
92.000000 0.07577257
92.100000 0.07587408
92.200000 0.07597559
92.300000 0.07607710
92.400000 0.07617861
92.500000 0.07628013
92.600000 0.07638164
92.700000 0.07648315
92.800000 0.07658466
92.900000 0.07668617
93.000000 0.07678768
93.100000 0.07688920
93.200000 0.07699071
93.300000 0.07709222
93.400000 0.07719373
93.500000 0.07729524
93.600000 0.07701780
93.700000 0.07662448
93.800000 0.07623115
93.900000 0.07583783
94.000000 0.07544450
94.100000 0.07505118
94.200000 0.07465785
94.300000 0.07426453
94.400000 0.07387120
94.500000 0.07347788
94.600000 0.07308455
94.700000 0.07269123
94.800000 0.07229790
94.900000 0.07190458
95.000000 0.07151125
95.100000 0.07111793
95.200000 0.07072460
95.300000 0.07033128
95.400000 0.06993795
95.500000 0.06954463
95.600000 0.06915130
95.700000 0.06875798
95.800000 0.06837940
95.900000 0.06838255
96.000000 0.06838569
96.100000 0.06838884
96.200000 0.06839199
96.300000 0.06839513
96.400000 0.06839828
96.500000 0.06840143
96.600000 0.06840458
96.700000 0.06840772
96.800000 0.06841087
96.900000 0.06841402
97.000000 0.06841716
97.100000 0.06842031
97.200000 0.06842346
97.300000 0.06842660
97.400000 0.06842975
97.500000 0.06843290
97.600000 0.06843604
97.700000 0.06843919
97.800000 0.06844234
97.900000 0.06844549
98.000000 0.06844863
98.100000 0.06845178
98.200000 0.06845493
98.300000 0.06845807
98.400000 0.06846122
98.500000 0.06846437
98.600000 0.06846751
98.700000 0.06847066
98.800000 0.06847381
98.900000 0.06847695
99.000000 0.06848010
99.100000 0.06848325
99.200000 0.06848640
99.300000 0.06848954
99.400000 0.06849269
99.500000 0.06849584
99.600000 0.06849898
99.700000 0.06848761
99.800000 0.06847520
99.900000 0.06846280
100.000000 0.06845039
100.100000 0.06843798
100.200000 0.06842557
100.300000 0.06841316
100.400000 0.06840075
100.500000 0.06838835
100.600000 0.06837594
100.700000 0.06836353
100.800000 0.06835112
100.900000 0.06833871
101.000000 0.06832630
101.100000 0.06831390
101.200000 0.06830149
101.300000 0.06828908
101.400000 0.06827667
101.500000 0.06826426
101.600000 0.06825185
101.700000 0.06823944
101.800000 0.06822704
101.900000 0.06821463
102.000000 0.06820222
102.100000 0.06818981
102.200000 0.06817740
102.300000 0.06816499
102.400000 0.06815259
102.500000 0.06814018
102.600000 0.06812777
102.700000 0.06811536
102.800000 0.06810295
102.900000 0.06809054
103.000000 0.06807814
103.100000 0.06806573
103.200000 0.06805332
103.300000 0.06804091
103.400000 0.06802850
103.500000 0.06801609
103.600000 0.06800368
103.700000 0.06799128
103.800000 0.06797887
103.900000 0.06796646
104.000000 0.06795405
104.100000 0.06794164
104.200000 0.06792923
104.300000 0.06791683
104.400000 0.06790442
104.500000 0.06789201
104.600000 0.06787960
104.700000 0.06786719
104.800000 0.06785478
104.900000 0.06784238
105.000000 0.06782997
105.100000 0.06781756
105.200000 0.06780515
105.300000 0.06779274
105.400000 0.06778033
105.500000 0.06776792
105.600000 0.06775552
105.700000 0.06774311
105.800000 0.06773070
105.900000 0.06771829
106.000000 0.06770588
106.100000 0.06769347
106.200000 0.06768107
106.300000 0.06766866
106.400000 0.06765625
106.500000 0.06764384
106.600000 0.06763143
106.700000 0.06761902
106.800000 0.06760662
106.900000 0.06759421
107.000000 0.06758180
107.100000 0.06756939
107.200000 0.06755698
107.300000 0.06754457
107.400000 0.06753216
107.500000 0.06751976
107.600000 0.06750735
107.700000 0.06749494
107.800000 0.06748253
107.900000 0.06747012
108.000000 0.06745771
108.100000 0.06744531
108.200000 0.06743290
108.300000 0.06742049
108.400000 0.06740808
108.500000 0.06739567
108.600000 0.06738326
108.700000 0.06737086
108.800000 0.06735845
108.900000 0.06734604
109.000000 0.06733363
109.100000 0.06732122
109.200000 0.06730881
109.300000 0.06729640
109.400000 0.06728400
109.500000 0.06727159
109.600000 0.06725918
109.700000 0.06724677
109.800000 0.06723436
109.900000 0.06722195
110.000000 0.06720955
110.100000 0.06719714
110.200000 0.06718473
110.300000 0.06717232
110.400000 0.06715991
110.500000 0.06714750
110.600000 0.06713510
110.700000 0.06712269
110.800000 0.06711028
110.900000 0.06709787
111.000000 0.06708546
111.100000 0.06707305
111.200000 0.06701339
111.300000 0.06688446
111.400000 0.06675553
111.500000 0.06662660
111.600000 0.06649767
111.700000 0.06636874
111.800000 0.06623981
111.900000 0.06611088
112.000000 0.06598195
112.100000 0.06585302
112.200000 0.06572409
112.300000 0.06559516
112.400000 0.06546623
112.500000 0.06533730
112.600000 0.06520837
112.700000 0.06507944
112.800000 0.06495051
112.900000 0.06482158
113.000000 0.06469265
113.100000 0.06456373
113.200000 0.06443480
113.300000 0.06430587
113.400000 0.06417694
113.500000 0.06404801
113.600000 0.06391908
113.700000 0.06379015
113.800000 0.06366122
113.900000 0.06353229
114.000000 0.06340336
114.100000 0.06327443
114.200000 0.06314550
114.300000 0.06301657
114.400000 0.06288764
114.500000 0.06275871
114.600000 0.06262978
114.700000 0.06250085
114.800000 0.06237192
114.900000 0.06224299
115.000000 0.06211406
115.100000 0.06198513
115.200000 0.06185620
115.300000 0.06172727
115.400000 0.06159834
115.500000 0.06146941
115.600000 0.06134048
115.700000 0.06121155
115.800000 0.06108263
115.900000 0.06095370
116.000000 0.06087422
116.100000 0.06126071
116.200000 0.06164719
116.300000 0.06203368
116.400000 0.06242017
116.500000 0.06280666
116.600000 0.06319315
116.700000 0.06357964
116.800000 0.06396613
116.900000 0.06435262
117.000000 0.06473911
117.100000 0.06512560
117.200000 0.06551209
117.300000 0.06589858
117.400000 0.06628507
117.500000 0.06667156
117.600000 0.06705805
117.700000 0.06744453
117.800000 0.06783102
117.900000 0.06821751
118.000000 0.06860400
118.100000 0.06899049
118.200000 0.06937698
118.300000 0.06976347
118.400000 0.07014996
118.500000 0.07053645
118.600000 0.07092294
118.700000 0.07023415
118.800000 0.06602900
118.900000 0.06182386
119.000000 0.05761872
119.100000 0.05341358
119.200000 0.04920844
119.300000 0.04500330
119.400000 0.04079816
119.500000 0.03659302
119.600000 0.03238788
119.700000 0.02818274
119.800000 0.02397760
119.900000 0.01377863
