0.000000 0.00000000
0.100000 0.00082596
0.200000 0.00165193
0.300000 0.00247789
0.400000 0.00330386
0.500000 0.00412982
0.600000 0.00495579
0.700000 0.00578175
0.800000 0.00660772
0.900000 0.00743368
1.000000 0.00825965
1.100000 0.00908561
1.200000 0.00991158
1.300000 0.01073754
1.400000 0.01156351
1.500000 0.01238947
1.600000 0.01321544
1.700000 0.01404140
1.800000 0.01486737
1.900000 0.01569333
2.000000 0.01651930
2.100000 0.01734526
2.200000 0.01817122
2.300000 0.01899719
2.400000 0.01982315
2.500000 0.02064912
2.600000 0.02147508
2.700000 0.02230105
2.800000 0.02312701
2.900000 0.02395298
3.000000 0.02477894
3.100000 0.02560491
3.200000 0.02643087
3.300000 0.02725684
3.400000 0.02808280
3.500000 0.02890877
3.600000 0.02973473
3.700000 0.03056070
3.800000 0.03138666
3.900000 0.03221263
4.000000 0.03303859
4.100000 0.03386456
4.200000 0.03469052
4.300000 0.03551649
4.400000 0.03634245
4.500000 0.03716841
4.600000 0.03799438
4.700000 0.03882034
4.800000 0.03964631
4.900000 0.04047227
5.000000 0.04129824
5.100000 0.04212420
5.200000 0.04295017
5.300000 0.04377613
5.400000 0.04460210
5.500000 0.04542806
5.600000 0.04625403
5.700000 0.04707999
5.800000 0.04790596
5.900000 0.04873192
6.000000 0.04955789
6.100000 0.05038385
6.200000 0.05120982
6.300000 0.05203578
6.400000 0.05286175
6.500000 0.05368771
6.600000 0.05451367
6.700000 0.05533964
6.800000 0.05616560
6.900000 0.05699157
7.000000 0.05781753
7.100000 0.05864350
7.200000 0.05946946
7.300000 0.06029543
7.400000 0.06112139
7.500000 0.06194736
7.600000 0.06277332
7.700000 0.06359929
7.800000 0.06442525
7.900000 0.06525122
8.000000 0.06607718
8.100000 0.06690315
8.200000 0.06772911
8.300000 0.06855508
8.400000 0.06938104
8.500000 0.07020701
8.600000 0.07103297
8.700000 0.07185894
8.800000 0.07268490
8.900000 0.07351086
9.000000 0.07433683
9.100000 0.07516279
9.200000 0.07598876
9.300000 0.07681472
9.400000 0.07764069
9.500000 0.07846665
9.600000 0.07929262
9.700000 0.08011858
9.800000 0.08094455
9.900000 0.08177051
10.000000 0.08259648
10.100000 0.08342244
10.200000 0.08424841
10.300000 0.08507437
10.400000 0.08590034
10.500000 0.08672630
10.600000 0.08755227
10.700000 0.08837823
10.800000 0.08920420
10.900000 0.09003016
11.000000 0.09085612
11.100000 0.09168209
11.200000 0.09250805
11.300000 0.09333402
11.400000 0.09415998
11.500000 0.09498595
11.600000 0.09581191
11.700000 0.09663788
11.800000 0.09746384
11.900000 0.09828981
12.000000 0.09911577
12.100000 0.09994174
12.200000 0.10076770
12.300000 0.10159367
12.400000 0.10241963
12.500000 0.10324560
12.600000 0.10407156
12.700000 0.10489753
12.800000 0.10572349
12.900000 0.10654946
13.000000 0.10737542
13.100000 0.10820139
13.200000 0.10902735
13.300000 0.10985331
13.400000 0.11067928
13.500000 0.11150524
13.600000 0.11233121
13.700000 0.11315717
13.800000 0.11398314
13.900000 0.11480910
14.000000 0.11563507
14.100000 0.11646103
14.200000 0.11728700
14.300000 0.11811296
14.400000 0.11893893
14.500000 0.11976489
14.600000 0.12059086
14.700000 0.12141682
14.800000 0.12224279
14.900000 0.12306875
15.000000 0.12389472
15.100000 0.12472068
15.200000 0.12554665
15.300000 0.12637261
15.400000 0.12719857
15.500000 0.12802454
15.600000 0.12885050
15.700000 0.12967647
15.800000 0.13050243
15.900000 0.13132840
16.000000 0.13215436
16.100000 0.13298033
16.200000 0.13380629
16.300000 0.13463226
16.400000 0.13545822
16.500000 0.13628419
16.600000 0.13711015
16.700000 0.13793612
16.800000 0.13876208
16.900000 0.13958805
17.000000 0.14041401
17.100000 0.14123998
17.200000 0.14206594
17.300000 0.14289191
17.400000 0.14371787
17.500000 0.14454384
17.600000 0.14536980
17.700000 0.14619576
17.800000 0.14702173
17.900000 0.14784769
18.000000 0.14867366
18.100000 0.14949962
18.200000 0.15032559
18.300000 0.15115155
18.400000 0.15197752
18.500000 0.15280348
18.600000 0.15362945
18.700000 0.15445541
18.800000 0.15528138
18.900000 0.15610734
19.000000 0.15693331
19.100000 0.15775927
19.200000 0.15858524
19.300000 0.15941120
19.400000 0.16023717
19.500000 0.16106313
19.600000 0.16188910
19.700000 0.16271506
19.800000 0.16354102
19.900000 0.16436699
20.000000 0.16519295
20.100000 0.16601892
20.200000 0.16684488
20.300000 0.16767085
20.400000 0.16849681
20.500000 0.16932278
20.600000 0.17014874
20.700000 0.17097471
20.800000 0.17180067
20.900000 0.17262664
21.000000 0.17345260
21.100000 0.17427857
21.200000 0.17510453
21.300000 0.17593050
21.400000 0.17675646
21.500000 0.17758243
21.600000 0.17840839
21.700000 0.17923436
21.800000 0.18006032
21.900000 0.18088629
22.000000 0.18171225
22.100000 0.18253821
22.200000 0.18336418
22.300000 0.18419014
22.400000 0.18450244
22.500000 0.18473735
22.600000 0.18497226
22.700000 0.18520718
22.800000 0.18544209
22.900000 0.18567701
23.000000 0.18591192
23.100000 0.18614683
23.200000 0.18638175
23.300000 0.18661666
23.400000 0.18685157
23.500000 0.18708649
23.600000 0.18732140
23.700000 0.18755632
23.800000 0.18779123
23.900000 0.18802614
24.000000 0.18826106
24.100000 0.18849597
24.200000 0.18873089
24.300000 0.18896580
24.400000 0.18920071
24.500000 0.18943563
24.600000 0.18967054
24.700000 0.18990545
24.800000 0.19014037
24.900000 0.19037528
25.000000 0.19061020
25.100000 0.19084511
25.200000 0.19108002
25.300000 0.19131494
25.400000 0.19154985
25.500000 0.19500412
25.600000 0.19985074
25.700000 0.20469737
25.800000 0.20954400
25.900000 0.21439062
26.000000 0.21923725
26.100000 0.22408388
26.200000 0.22893051
26.300000 0.23377713
26.400000 0.23862376
26.500000 0.24347039
26.600000 0.24831702
26.700000 0.25316364
26.800000 0.25801027
26.900000 0.26285690
27.000000 0.26770353
27.100000 0.27163466
27.200000 0.27453829
27.300000 0.27744192
27.400000 0.28034556
27.500000 0.28324919
27.600000 0.28615282
27.700000 0.28905645
27.800000 0.29196008
27.900000 0.29486372
28.000000 0.29776735
28.100000 0.30067098
28.200000 0.30357461
28.300000 0.30647824
28.400000 0.30938188
28.500000 0.31228551
28.600000 0.31518914
28.700000 0.31809277
28.800000 0.32099640
28.900000 0.32390004
29.000000 0.32680367
29.100000 0.32970730
29.200000 0.33261093
29.300000 0.33551456
29.400000 0.33841820
29.500000 0.34132183
29.600000 0.34422546
29.700000 0.34712909
29.800000 0.35003272
29.900000 0.35293636
30.000000 0.35583999
30.100000 0.35874362
30.200000 0.36164725
30.300000 0.36455088
30.400000 0.36745452
30.500000 0.37035815
30.600000 0.37326178
30.700000 0.37616541
30.800000 0.37906904
30.900000 0.38197268
31.000000 0.38487631
31.100000 0.38777994
31.200000 0.39068357
31.300000 0.39358720
31.400000 0.39649084
31.500000 0.39939447
31.600000 0.40229810
31.700000 0.40520173
31.800000 0.42097435
31.900000 0.45736131
32.000000 0.49374826
32.100000 0.53013522
32.200000 0.56652217
32.300000 0.60290912
32.400000 0.63929608
32.500000 0.67568303
32.600000 0.71206999
32.700000 0.74845694
32.800000 0.78484390
32.900000 0.82123085
33.000000 0.85761780
33.100000 0.89400476
33.200000 0.91500623
33.300000 0.90293100
33.400000 0.89085576
33.500000 0.87878053
33.600000 0.86670530
33.700000 0.85463006
33.800000 0.84255483
33.900000 0.83047960
34.000000 0.81840437
34.100000 0.80632913
34.200000 0.79425390
34.300000 0.78217867
34.400000 0.77010344
34.500000 0.75802820
34.600000 0.74595297
34.700000 0.73387774
34.800000 0.72180250
34.900000 0.70991416
35.000000 0.69835853
35.100000 0.68680290
35.200000 0.67524728
35.300000 0.66369165
35.400000 0.65213602
35.500000 0.64058039
35.600000 0.62902477
35.700000 0.61746914
35.800000 0.60591351
35.900000 0.59435788
36.000000 0.58280225
36.100000 0.59151987
36.200000 0.60194905
36.300000 0.59707742
36.400000 0.58497696
36.500000 0.57287649
36.600000 0.56077603
36.700000 0.54867556
36.800000 0.53657510
36.900000 0.52447464
37.000000 0.51237417
37.100000 0.50027371
37.200000 0.48817324
37.300000 0.47607278
37.400000 0.46397231
37.500000 0.45187185
37.600000 0.43977139
37.700000 0.42767092
37.800000 0.41557046
37.900000 0.40346999
38.000000 0.39136953
38.100000 0.37926906
38.200000 0.36716860
38.300000 0.35506814
38.400000 0.34296767
38.500000 0.33086721
38.600000 0.31876674
38.700000 0.30666628
38.800000 0.29456582
38.900000 0.28246535
39.000000 0.27036489
39.100000 0.25826442
39.200000 0.24616396
39.300000 0.23406349
39.400000 0.22196303
39.500000 0.20986257
39.600000 0.19776210
39.700000 0.18566164
39.800000 0.17356117
39.900000 0.16146071
40.000000 0.14936025
40.100000 0.13725978
40.200000 0.12515932
40.300000 0.11305885
40.400000 0.10885830
40.500000 0.11044989
40.600000 0.11204149
40.700000 0.11407959
40.800000 0.11636746
40.900000 0.11865533
41.000000 0.12094320
41.100000 0.12323106
41.200000 0.12551893
41.300000 0.12780680
41.400000 0.13009467
41.500000 0.13238253
41.600000 0.13467040
41.700000 0.13758938
41.800000 0.14100086
41.900000 0.14441233
42.000000 0.14782381
42.100000 0.15123528
42.200000 0.15464676
42.300000 0.15805824
42.400000 0.16146971
42.500000 0.16488119
42.600000 0.16829266
42.700000 0.17170414
42.800000 0.17511561
42.900000 0.17852709
43.000000 0.18193857
43.100000 0.18535004
43.200000 0.18876152
43.300000 0.19217299
43.400000 0.19558447
43.500000 0.19899594
43.600000 0.20240742
43.700000 0.20581890
43.800000 0.20923037
43.900000 0.21264185
44.000000 0.21605332
44.100000 0.21946480
44.200000 0.22287628
44.300000 0.22628775
44.400000 0.22969923
44.500000 0.23311070
44.600000 0.23652218
44.700000 0.23993365
44.800000 0.24334513
44.900000 0.24675661
45.000000 0.25016808
45.100000 0.25357956
45.200000 0.25699103
45.300000 0.26040251
45.400000 0.26381398
45.500000 0.26722546
45.600000 0.26603897
45.700000 0.26253497
45.800000 0.25903097
45.900000 0.25552697
46.000000 0.25202297
46.100000 0.24851897
46.200000 0.24501497
46.300000 0.24151097
46.400000 0.23800697
46.500000 0.23450297
46.600000 0.23099897
46.700000 0.22749497
46.800000 0.22399097
46.900000 0.22048697
47.000000 0.21698296
47.100000 0.21347896
47.200000 0.20997496
47.300000 0.20647096
47.400000 0.20296696
47.500000 0.19946296
47.600000 0.19595896
47.700000 0.19245496
47.800000 0.18895096
47.900000 0.18544696
48.000000 0.18194296
48.100000 0.17843896
48.200000 0.17493496
48.300000 0.17143096
48.400000 0.16792695
48.500000 0.16442295
48.600000 0.16091895
48.700000 0.15741495
48.800000 0.15391095
48.900000 0.15040695
49.000000 0.14690295
49.100000 0.14339895
49.200000 0.13989495
49.300000 0.13639095
49.400000 0.13288695
49.500000 0.12938295
49.600000 0.12587895
49.700000 0.12769304
49.800000 0.13134566
49.900000 0.13499828
50.000000 0.13865089
50.100000 0.14230351
50.200000 0.14595613
50.300000 0.14960874
50.400000 0.15326136
50.500000 0.15691398
50.600000 0.16056659
50.700000 0.16421921
50.800000 0.16787183
50.900000 0.17152444
51.000000 0.17517706
51.100000 0.17882968
51.200000 0.18248229
51.300000 0.18613491
51.400000 0.18978753
51.500000 0.19344014
51.600000 0.19709276
51.700000 0.20074538
51.800000 0.20439799
51.900000 0.20805061
52.000000 0.21170323
52.100000 0.21523291
52.200000 0.21875347
52.300000 0.22227404
52.400000 0.22579460
52.500000 0.22931517
52.600000 0.23283573
52.700000 0.23635630
52.800000 0.23987686
52.900000 0.24339743
53.000000 0.24691799
53.100000 0.25043856
53.200000 0.25395912
53.300000 0.25747969
53.400000 0.26100025
53.500000 0.26452082
53.600000 0.26804138
53.700000 0.27156195
53.800000 0.27508251
53.900000 0.27860308
54.000000 0.28212364
54.100000 0.28564421
54.200000 0.28916478
54.300000 0.29268534
54.400000 0.29620591
54.500000 0.29972647
54.600000 0.30324704
54.700000 0.30676760
54.800000 0.31028817
54.900000 0.31380873
55.000000 0.31614561
55.100000 0.31477330
55.200000 0.31340100
55.300000 0.31202869
55.400000 0.31065638
55.500000 0.30928408
55.600000 0.30791177
55.700000 0.30653946
55.800000 0.30598482
55.900000 0.30906404
56.000000 0.31214326
56.100000 0.31522249
56.200000 0.31830171
56.300000 0.32138093
56.400000 0.32446016
56.500000 0.32753938
56.600000 0.33061860
56.700000 0.33369782
56.800000 0.33677705
56.900000 0.33985627
57.000000 0.34293549
57.100000 0.34601472
57.200000 0.34909394
57.300000 0.35217316
57.400000 0.35525239
57.500000 0.35617074
57.600000 0.34701487
57.700000 0.33785899
57.800000 0.32870312
57.900000 0.31954725
58.000000 0.31039138
58.100000 0.30123551
58.200000 0.29207964
58.300000 0.28292376
58.400000 0.27376789
58.500000 0.26461202
58.600000 0.25545615
58.700000 0.24630028
58.800000 0.23714441
58.900000 0.22798853
59.000000 0.21883266
59.100000 0.20967679
59.200000 0.20052092
59.300000 0.19136505
59.400000 0.18220917
59.500000 0.17309012
59.600000 0.16399421
59.700000 0.15489830
59.800000 0.14580239
59.900000 0.13670648
60.000000 0.12761057
60.100000 0.11851466
60.200000 0.11535569
60.300000 0.11481704
60.400000 0.11427839
60.500000 0.11373974
60.600000 0.11320109
60.700000 0.11266244
60.800000 0.11212379
60.900000 0.11158514
61.000000 0.11104649
61.100000 0.11050784
61.200000 0.10996919
61.300000 0.10943054
61.400000 0.10889189
61.500000 0.10835324
61.600000 0.10781459
61.700000 0.10727594
61.800000 0.10692791
61.900000 0.10691686
62.000000 0.10690582
62.100000 0.10689477
62.200000 0.10688372
62.300000 0.10687268
62.400000 0.10686163
62.500000 0.10685059
62.600000 0.10683954
62.700000 0.10682849
62.800000 0.10681745
62.900000 0.10680640
63.000000 0.10679536
63.100000 0.10678431
63.200000 0.10677326
63.300000 0.10676222
63.400000 0.10675117
63.500000 0.10674012
63.600000 0.10672908
63.700000 0.10671803
63.800000 0.10670699
63.900000 0.10669594
64.000000 0.10667616
64.100000 0.10568498
64.200000 0.10469379
64.300000 0.10370261
64.400000 0.10271143
64.500000 0.10172024
64.600000 0.10072906
64.700000 0.09973787
64.800000 0.09874669
64.900000 0.09775550
65.000000 0.09676432
65.100000 0.09577313
65.200000 0.09478195
65.300000 0.09379076
65.400000 0.09279958
65.500000 0.09180839
65.600000 0.09081721
65.700000 0.08982602
65.800000 0.08883484
65.900000 0.08784365
66.000000 0.08685247
66.100000 0.08586128
66.200000 0.08487010
66.300000 0.08387891
66.400000 0.08353785
66.500000 0.08418409
66.600000 0.08501091
66.700000 0.08676105
66.800000 0.08851119
66.900000 0.09026134
67.000000 0.09201148
67.100000 0.09376162
67.200000 0.09551177
67.300000 0.09726191
67.400000 0.09901205
67.500000 0.10076220
67.600000 0.10251234
67.700000 0.10426248
67.800000 0.10601263
67.900000 0.10776277
68.000000 0.10951291
68.100000 0.11126305
68.200000 0.11301320
68.300000 0.11476334
68.400000 0.11651348
68.500000 0.11826363
68.600000 0.12001377
68.700000 0.12154303
68.800000 0.12248115
68.900000 0.12341926
69.000000 0.12435738
69.100000 0.12529550
69.200000 0.12623362
69.300000 0.12717174
69.400000 0.12810985
69.500000 0.12904797
69.600000 0.12998609
69.700000 0.12917482
69.800000 0.12796798
69.900000 0.12676114
70.000000 0.12555431
70.100000 0.12434747
70.200000 0.12314063
70.300000 0.12193380
70.400000 0.12072696
70.500000 0.11952012
70.600000 0.11831329
70.700000 0.11710645
70.800000 0.11589961
70.900000 0.11469278
71.000000 0.11348594
71.100000 0.11227910
71.200000 0.11107227
71.300000 0.10986543
71.400000 0.10865859
71.500000 0.10745175
71.600000 0.10624492
71.700000 0.10503808
71.800000 0.10383124
71.900000 0.10262441
72.000000 0.10141757
72.100000 0.10021073
72.200000 0.09900390
72.300000 0.09779706
72.400000 0.09659022
72.500000 0.09538339
72.600000 0.09417655
72.700000 0.09296971
72.800000 0.09176288
72.900000 0.09055604
73.000000 0.08934920
73.100000 0.08814237
73.200000 0.08693553
73.300000 0.08572869
73.400000 0.08452186
73.500000 0.08331502
73.600000 0.08210818
73.700000 0.08114063
73.800000 0.08022488
73.900000 0.07930912
74.000000 0.07839336
74.100000 0.07747760
74.200000 0.07656185
74.300000 0.07564609
74.400000 0.07473033
74.500000 0.07381458
74.600000 0.07289882
74.700000 0.07198306
74.800000 0.07106730
74.900000 0.07015155
75.000000 0.06923579
75.100000 0.06832003
75.200000 0.06740428
75.300000 0.06648852
75.400000 0.06557276
75.500000 0.06610545
75.600000 0.06806905
75.700000 0.07003265
75.800000 0.07199626
75.900000 0.07395986
76.000000 0.07592346
76.100000 0.07788707
76.200000 0.07985067
76.300000 0.08014998
76.400000 0.07978813
76.500000 0.07942628
76.600000 0.07906442
76.700000 0.07870257
76.800000 0.07834071
76.900000 0.07797886
77.000000 0.07761700
77.100000 0.07725515
77.200000 0.07689330
77.300000 0.07653144
77.400000 0.07616959
77.500000 0.07580773
77.600000 0.07544588
77.700000 0.07508402
77.800000 0.07472217
77.900000 0.07436032
78.000000 0.07399846
78.100000 0.07363661
78.200000 0.07327475
78.300000 0.07291290
78.400000 0.07255104
78.500000 0.07218919
78.600000 0.07182734
78.700000 0.07146548
78.800000 0.07110363
78.900000 0.07074177
79.000000 0.07037992
79.100000 0.07001807
79.200000 0.06965621
79.300000 0.06929436
79.400000 0.06893250
79.500000 0.06857065
79.600000 0.06820879
79.700000 0.06784694
79.800000 0.06748509
79.900000 0.06712323
80.000000 0.06676138
80.100000 0.06639952
80.200000 0.06603767
80.300000 0.06567581
80.400000 0.06531396
80.500000 0.06495211
80.600000 0.06459025
80.700000 0.06422840
80.800000 0.06386654
80.900000 0.06350469
81.000000 0.06314283
81.100000 0.06278098
81.200000 0.06241913
81.300000 0.06205727
81.400000 0.06169542
81.500000 0.06133356
81.600000 0.06097171
81.700000 0.06060985
81.800000 0.06024800
81.900000 0.05988615
82.000000 0.05952429
82.100000 0.05916244
82.200000 0.05880058
82.300000 0.05843873
82.400000 0.05821199
82.500000 0.05848539
82.600000 0.05875878
82.700000 0.05903217
82.800000 0.05930556
82.900000 0.05957895
83.000000 0.05985166
83.100000 0.06012276
83.200000 0.06039387
83.300000 0.06066498
83.400000 0.06093608
83.500000 0.06120719
83.600000 0.06147829
83.700000 0.06174940
83.800000 0.06202051
83.900000 0.06229161
84.000000 0.06256272
84.100000 0.06283382
84.200000 0.06310493
84.300000 0.06337604
84.400000 0.06364714
84.500000 0.06391825
84.600000 0.06418935
84.700000 0.06446046
84.800000 0.06473157
84.900000 0.06500267
85.000000 0.06527378
85.100000 0.06554488
85.200000 0.06581599
85.300000 0.06608710
85.400000 0.06635820
85.500000 0.06662931
85.600000 0.06690041
85.700000 0.06717152
85.800000 0.06744263
85.900000 0.06771373
86.000000 0.06798484
86.100000 0.06825594
86.200000 0.06852705
86.300000 0.06879816
86.400000 0.06906926
86.500000 0.06934037
86.600000 0.06961147
86.700000 0.06988258
86.800000 0.07015368
86.900000 0.07042479
87.000000 0.07069590
87.100000 0.07096700
87.200000 0.07123811
87.300000 0.07172888
87.400000 0.07223126
87.500000 0.07273363
87.600000 0.07328690
87.700000 0.07396598
87.800000 0.07464506
87.900000 0.07532413
88.000000 0.07589204
88.100000 0.07622199
88.200000 0.07655193
88.300000 0.07688188
88.400000 0.07721182
88.500000 0.07754177
88.600000 0.07787171
88.700000 0.07820166
88.800000 0.07853160
88.900000 0.07886155
89.000000 0.07919149
89.100000 0.07952144
89.200000 0.07985138
89.300000 0.08018133
89.400000 0.08051127
89.500000 0.08084122
89.600000 0.08117117
89.700000 0.08150111
89.800000 0.08183106
89.900000 0.08216100
90.000000 0.08249095
90.100000 0.08282089
90.200000 0.08315084
90.300000 0.08348078
90.400000 0.08381073
90.500000 0.08414067
90.600000 0.08447062
90.700000 0.08538225
90.800000 0.08644950
90.900000 0.08751675
91.000000 0.08858400
91.100000 0.08939045
91.200000 0.08986296
91.300000 0.09033546
91.400000 0.09080797
91.500000 0.09128048
91.600000 0.09175298
91.700000 0.09222549
91.800000 0.09269800
91.900000 0.09317051
92.000000 0.09364301
92.100000 0.09411552
92.200000 0.09458803
92.300000 0.09506053
92.400000 0.09553304
92.500000 0.09600555
92.600000 0.09647806
92.700000 0.09695056
92.800000 0.09742307
92.900000 0.09789558
93.000000 0.09836808
93.100000 0.09884059
93.200000 0.09931310
93.300000 0.09978561
93.400000 0.10025811
93.500000 0.10073062
93.600000 0.09991469
93.700000 0.09870475
93.800000 0.09749482
93.900000 0.09628488
94.000000 0.09507494
94.100000 0.09386500
94.200000 0.09265506
94.300000 0.09144512
94.400000 0.09023519
94.500000 0.08902525
94.600000 0.08781531
94.700000 0.08660537
94.800000 0.08539543
94.900000 0.08418550
95.000000 0.08297556
95.100000 0.08176562
95.200000 0.08055568
95.300000 0.07934574
95.400000 0.07813581
95.500000 0.07692587
95.600000 0.07571593
95.700000 0.07450599
95.800000 0.07334620
95.900000 0.07348427
96.000000 0.07362234
96.100000 0.07376040
96.200000 0.07389847
96.300000 0.07403654
96.400000 0.07417461
96.500000 0.07431267
96.600000 0.07445074
96.700000 0.07458881
96.800000 0.07472687
96.900000 0.07486494
97.000000 0.07500301
97.100000 0.07514107
97.200000 0.07527914
97.300000 0.07541721
97.400000 0.07555527
97.500000 0.07569334
97.600000 0.07583141
97.700000 0.07596948
97.800000 0.07610754
97.900000 0.07624561
98.000000 0.07638368
98.100000 0.07652174
98.200000 0.07665981
98.300000 0.07679788
98.400000 0.07693594
98.500000 0.07707401
98.600000 0.07721208
98.700000 0.07735014
98.800000 0.07748821
98.900000 0.07762628
99.000000 0.07776434
99.100000 0.07790241
99.200000 0.07804048
99.300000 0.07817855
99.400000 0.07831661
99.500000 0.07845468
99.600000 0.07859275
99.700000 0.07868146
99.800000 0.07876664
99.900000 0.07885181
100.000000 0.07893699
100.100000 0.07902217
100.200000 0.07910735
100.300000 0.07919253
100.400000 0.07927771
100.500000 0.07936289
100.600000 0.07944807
100.700000 0.07953324
100.800000 0.07961842
100.900000 0.07970360
101.000000 0.07978878
101.100000 0.07987396
101.200000 0.07995914
101.300000 0.08004432
101.400000 0.08012950
101.500000 0.08021468
101.600000 0.08029985
101.700000 0.08038503
101.800000 0.08047021
101.900000 0.08055539
102.000000 0.08064057
102.100000 0.08072575
102.200000 0.08081093
102.300000 0.08089611
102.400000 0.08098128
102.500000 0.08106646
102.600000 0.08115164
102.700000 0.08123682
102.800000 0.08132200
102.900000 0.08140718
103.000000 0.08149236
103.100000 0.08157754
103.200000 0.08166271
103.300000 0.08174789
103.400000 0.08183307
103.500000 0.08191825
103.600000 0.08200343
103.700000 0.08208861
103.800000 0.08217379
103.900000 0.08225897
104.000000 0.08234414
104.100000 0.08242932
104.200000 0.08251450
104.300000 0.08259968
104.400000 0.08268486
104.500000 0.08277004
104.600000 0.08285522
104.700000 0.08294040
104.800000 0.08302557
104.900000 0.08311075
105.000000 0.08319593
105.100000 0.08328111
105.200000 0.08336629
105.300000 0.08345147
105.400000 0.08353665
105.500000 0.08362183
105.600000 0.08370701
105.700000 0.08379218
105.800000 0.08387736
105.900000 0.08396254
106.000000 0.08404772
106.100000 0.08413290
106.200000 0.08421808
106.300000 0.08430326
106.400000 0.08438844
106.500000 0.08447361
106.600000 0.08455879
106.700000 0.08464397
106.800000 0.08472915
106.900000 0.08481433
107.000000 0.08489951
107.100000 0.08498469
107.200000 0.08506987
107.300000 0.08515504
107.400000 0.08524022
107.500000 0.08532540
107.600000 0.08541058
107.700000 0.08549576
107.800000 0.08558094
107.900000 0.08566612
108.000000 0.08575130
108.100000 0.08583647
108.200000 0.08592165
108.300000 0.08600683
108.400000 0.08609201
108.500000 0.08617719
108.600000 0.08626237
108.700000 0.08634755
108.800000 0.08643273
108.900000 0.08651790
109.000000 0.08660308
109.100000 0.08668826
109.200000 0.08677344
109.300000 0.08685862
109.400000 0.08694380
109.500000 0.08702898
109.600000 0.08711416
109.700000 0.08719933
109.800000 0.08728451
109.900000 0.08736969
110.000000 0.08745487
110.100000 0.08754005
110.200000 0.08762523
110.300000 0.08771041
110.400000 0.08779559
110.500000 0.08788077
110.600000 0.08796594
110.700000 0.08805112
110.800000 0.08813630
110.900000 0.08822148
111.000000 0.08830666
111.100000 0.08839184
111.200000 0.08831634
111.300000 0.08800535
111.400000 0.08769436
111.500000 0.08738336
111.600000 0.08707237
111.700000 0.08676138
111.800000 0.08645038
111.900000 0.08613939
112.000000 0.08582840
112.100000 0.08551740
112.200000 0.08520641
112.300000 0.08489542
112.400000 0.08458442
112.500000 0.08427343
112.600000 0.08396244
112.700000 0.08365144
112.800000 0.08334045
112.900000 0.08302946
113.000000 0.08271846
113.100000 0.08240747
113.200000 0.08209648
113.300000 0.08178548
113.400000 0.08147449
113.500000 0.08116350
113.600000 0.08085250
113.700000 0.08054151
113.800000 0.08023052
113.900000 0.07991952
114.000000 0.07960853
114.100000 0.07929754
114.200000 0.07898654
114.300000 0.07867555
114.400000 0.07836456
114.500000 0.07805356
114.600000 0.07774257
114.700000 0.07743158
114.800000 0.07712058
114.900000 0.07680959
115.000000 0.07649860
115.100000 0.07618760
115.200000 0.07587661
115.300000 0.07556562
115.400000 0.07525462
115.500000 0.07494363
115.600000 0.07463264
115.700000 0.07432164
115.800000 0.07401065
115.900000 0.07369966
116.000000 0.07339855
116.100000 0.07319065
116.200000 0.07298274
116.300000 0.07277483
116.400000 0.07256692
116.500000 0.07235901
116.600000 0.07215110
116.700000 0.07194319
116.800000 0.07173528
116.900000 0.07152737
117.000000 0.07131946
117.100000 0.07111155
117.200000 0.07090364
117.300000 0.07069573
117.400000 0.07048782
117.500000 0.07027991
117.600000 0.07007200
117.700000 0.06986409
117.800000 0.06965618
117.900000 0.06944827
118.000000 0.06924036
118.100000 0.06903245
118.200000 0.06882455
118.300000 0.06861664
118.400000 0.06840873
118.500000 0.06820082
118.600000 0.06799291
118.700000 0.06756994
118.800000 0.06644371
118.900000 0.06531747
119.000000 0.06419123
119.100000 0.06306500
119.200000 0.06193876
119.300000 0.06081253
119.400000 0.05968629
119.500000 0.05856006
119.600000 0.05743382
119.700000 0.05630759
119.800000 0.05518135
119.900000 0.03367609
