0.000000 0.00000000
0.100000 0.00319587
0.200000 0.00639173
0.300000 0.00958760
0.400000 0.01278347
0.500000 0.01597934
0.600000 0.01917520
0.700000 0.02237107
0.800000 0.02556694
0.900000 0.02876281
1.000000 0.03195867
1.100000 0.03515454
1.200000 0.03835041
1.300000 0.04154628
1.400000 0.04474214
1.500000 0.04793801
1.600000 0.05113388
1.700000 0.05432975
1.800000 0.05752561
1.900000 0.06072148
2.000000 0.06391735
2.100000 0.06711322
2.200000 0.07030908
2.300000 0.07350495
2.400000 0.07670082
2.500000 0.07989669
2.600000 0.08309255
2.700000 0.08628842
2.800000 0.08948429
2.900000 0.09268016
3.000000 0.09587602
3.100000 0.09907189
3.200000 0.10226776
3.300000 0.10546362
3.400000 0.10865949
3.500000 0.11185536
3.600000 0.11505123
3.700000 0.11824709
3.800000 0.12144296
3.900000 0.12463883
4.000000 0.12783470
4.100000 0.13103056
4.200000 0.13422643
4.300000 0.13742230
4.400000 0.14061817
4.500000 0.14381403
4.600000 0.14700990
4.700000 0.15020577
4.800000 0.15340164
4.900000 0.15659750
5.000000 0.15979337
5.100000 0.16298924
5.200000 0.16618511
5.300000 0.16938097
5.400000 0.17257684
5.500000 0.17577271
5.600000 0.17896858
5.700000 0.18216444
5.800000 0.18536031
5.900000 0.18855618
6.000000 0.19175205
6.100000 0.19494791
6.200000 0.19814378
6.300000 0.20133965
6.400000 0.20453551
6.500000 0.20773138
6.600000 0.21092725
6.700000 0.21412312
6.800000 0.21731898
6.900000 0.22051485
7.000000 0.22371072
7.100000 0.22690659
7.200000 0.23010245
7.300000 0.23329832
7.400000 0.23649419
7.500000 0.23969006
7.600000 0.24288592
7.700000 0.24608179
7.800000 0.24927766
7.900000 0.25247353
8.000000 0.25566939
8.100000 0.25886526
8.200000 0.26206113
8.300000 0.26525700
8.400000 0.26845286
8.500000 0.27164873
8.600000 0.27484460
8.700000 0.27804047
8.800000 0.28123633
8.900000 0.28443220
9.000000 0.28762807
9.100000 0.29082394
9.200000 0.29401980
9.300000 0.29721567
9.400000 0.30041154
9.500000 0.30360741
9.600000 0.30680327
9.700000 0.30999914
9.800000 0.31319501
9.900000 0.31639087
10.000000 0.31958674
10.100000 0.32278261
10.200000 0.32597848
10.300000 0.32917434
10.400000 0.33237021
10.500000 0.33556608
10.600000 0.33876195
10.700000 0.34195781
10.800000 0.34515368
10.900000 0.34834955
11.000000 0.35154542
11.100000 0.35474128
11.200000 0.35793715
11.300000 0.36113302
11.400000 0.36432889
11.500000 0.36752475
11.600000 0.37072062
11.700000 0.37391649
11.800000 0.37711236
11.900000 0.38030822
12.000000 0.38350409
12.100000 0.38669996
12.200000 0.38989583
12.300000 0.39309169
12.400000 0.39628756
12.500000 0.39948343
12.600000 0.40267930
12.700000 0.40587516
12.800000 0.40907103
12.900000 0.41226690
13.000000 0.41546276
13.100000 0.41865863
13.200000 0.42185450
13.300000 0.42505037
13.400000 0.42824623
13.500000 0.43144210
13.600000 0.43463797
13.700000 0.43783384
13.800000 0.44102970
13.900000 0.44422557
14.000000 0.44742144
14.100000 0.45061731
14.200000 0.45381317
14.300000 0.45700904
14.400000 0.46020491
14.500000 0.46340078
14.600000 0.46659664
14.700000 0.46979251
14.800000 0.47298838
14.900000 0.47618425
15.000000 0.47938011
15.100000 0.48257598
15.200000 0.48577185
15.300000 0.48896772
15.400000 0.49216358
15.500000 0.49535945
15.600000 0.49855532
15.700000 0.50175119
15.800000 0.50494705
15.900000 0.50814292
16.000000 0.51133879
16.100000 0.51453465
16.200000 0.51773052
16.300000 0.52092639
16.400000 0.52412226
16.500000 0.52731812
16.600000 0.53051399
16.700000 0.53370986
16.800000 0.53690573
16.900000 0.54010159
17.000000 0.54329746
17.100000 0.54649333
17.200000 0.54968920
17.300000 0.55288506
17.400000 0.55608093
17.500000 0.55927680
17.600000 0.56247267
17.700000 0.56566853
17.800000 0.56886440
17.900000 0.57206027
18.000000 0.57525614
18.100000 0.57845200
18.200000 0.58164787
18.300000 0.58484374
18.400000 0.58803961
18.500000 0.59123547
18.600000 0.59443134
18.700000 0.59762721
18.800000 0.60082308
18.900000 0.60401894
19.000000 0.60721481
19.100000 0.61041068
19.200000 0.61360654
19.300000 0.61680241
19.400000 0.61999828
19.500000 0.62319415
19.600000 0.62639001
19.700000 0.62958588
19.800000 0.63278175
19.900000 0.63597762
20.000000 0.63917348
20.100000 0.64236935
20.200000 0.64556522
20.300000 0.64876109
20.400000 0.65195695
20.500000 0.65515282
20.600000 0.65834869
20.700000 0.66154456
20.800000 0.66474042
20.900000 0.66793629
21.000000 0.67113216
21.100000 0.67432803
21.200000 0.67752389
21.300000 0.68071976
21.400000 0.68391563
21.500000 0.68711150
21.600000 0.69030736
21.700000 0.69350323
21.800000 0.69669910
21.900000 0.69989497
22.000000 0.70309083
22.100000 0.70628670
22.200000 0.70948257
22.300000 0.71267844
22.400000 0.71578365
22.500000 0.71887522
22.600000 0.72196678
22.700000 0.72505835
22.800000 0.72814991
22.900000 0.73124148
23.000000 0.73433304
23.100000 0.73742460
23.200000 0.74051617
23.300000 0.74360773
23.400000 0.74669930
23.500000 0.74979086
23.600000 0.75288243
23.700000 0.75597399
23.800000 0.75906555
23.900000 0.76215712
24.000000 0.76524868
24.100000 0.76834025
24.200000 0.77143181
24.300000 0.77452338
24.400000 0.77761494
24.500000 0.78070650
24.600000 0.78379807
24.700000 0.78688963
24.800000 0.78998120
24.900000 0.79307276
25.000000 0.79616433
25.100000 0.79925589
25.200000 0.80234746
25.300000 0.80543902
25.400000 0.80853058
25.500000 0.81219027
25.600000 0.81609566
25.700000 0.82000106
25.800000 0.82390646
25.900000 0.82781185
26.000000 0.83171725
26.100000 0.83562265
26.200000 0.83952804
26.300000 0.84343344
26.400000 0.84733883
26.500000 0.85124423
26.600000 0.85514963
26.700000 0.85905502
26.800000 0.86296042
26.900000 0.86686581
27.000000 0.87077121
27.100000 0.86948881
27.200000 0.86238390
27.300000 0.85527899
27.400000 0.84817408
27.500000 0.84106917
27.600000 0.83396426
27.700000 0.82685934
27.800000 0.81975443
27.900000 0.81264952
28.000000 0.80554461
28.100000 0.79843970
28.200000 0.79133479
28.300000 0.78422987
28.400000 0.77712496
28.500000 0.77002005
28.600000 0.76291514
28.700000 0.75581023
28.800000 0.74870532
28.900000 0.74160041
29.000000 0.73449549
29.100000 0.72739058
29.200000 0.72028567
29.300000 0.71318076
29.400000 0.70607585
29.500000 0.69897094
29.600000 0.69186602
29.700000 0.68476111
29.800000 0.67765620
29.900000 0.67055129
30.000000 0.66344638
30.100000 0.65634147
30.200000 0.64923656
30.300000 0.64213164
30.400000 0.63502673
30.500000 0.62792182
30.600000 0.62081691
30.700000 0.61371200
30.800000 0.60660709
30.900000 0.59950218
31.000000 0.59239726
31.100000 0.58529235
31.200000 0.57818744
31.300000 0.57108253
31.400000 0.56397762
31.500000 0.55687271
31.600000 0.54976779
31.700000 0.54266288
31.800000 0.53782897
31.900000 0.53663288
32.000000 0.53543679
32.100000 0.53424070
32.200000 0.53304461
32.300000 0.53184852
32.400000 0.53065243
32.500000 0.52945634
32.600000 0.52826025
32.700000 0.52706416
32.800000 0.52586807
32.900000 0.52467198
33.000000 0.52347589
33.100000 0.52227980
33.200000 0.51836863
33.300000 0.50862038
33.400000 0.49887214
33.500000 0.48912390
33.600000 0.47937566
33.700000 0.46962742
33.800000 0.45987918
33.900000 0.45013094
34.000000 0.44038270
34.100000 0.43063446
34.200000 0.42088622
34.300000 0.41113798
34.400000 0.40138974
34.500000 0.39164150
34.600000 0.38189326
34.700000 0.37214502
34.800000 0.36239678
34.900000 0.35370757
35.000000 0.34690376
35.100000 0.34009995
35.200000 0.33329613
35.300000 0.32649232
35.400000 0.31968851
35.500000 0.31288470
35.600000 0.30608088
35.700000 0.29927707
35.800000 0.29247326
35.900000 0.28566944
36.000000 0.27886563
36.100000 0.38694352
36.200000 0.50472031
36.300000 0.53579247
36.400000 0.52590125
36.500000 0.51601003
36.600000 0.50611882
36.700000 0.49622760
36.800000 0.48633638
36.900000 0.47644516
37.000000 0.46655394
37.100000 0.45666272
37.200000 0.44677150
37.300000 0.43688028
37.400000 0.42698906
37.500000 0.41709785
37.600000 0.40720663
37.700000 0.39731541
37.800000 0.38742419
37.900000 0.37753297
38.000000 0.36764175
38.100000 0.35775053
38.200000 0.34785931
38.300000 0.33796810
38.400000 0.32807688
38.500000 0.31818566
38.600000 0.30829444
38.700000 0.29840322
38.800000 0.28851200
38.900000 0.27862078
39.000000 0.26872956
39.100000 0.25883835
39.200000 0.24894713
39.300000 0.23905591
39.400000 0.22916469
39.500000 0.21927347
39.600000 0.20938225
39.700000 0.19949103
39.800000 0.18959981
39.900000 0.17970860
40.000000 0.16981738
40.100000 0.15992616
40.200000 0.15003494
40.300000 0.14014372
40.400000 0.13164660
40.500000 0.12417163
40.600000 0.11669666
40.700000 0.11175190
40.800000 0.10822246
40.900000 0.10469303
41.000000 0.10116360
41.100000 0.09763416
41.200000 0.09410473
41.300000 0.09057530
41.400000 0.08704586
41.500000 0.08351643
41.600000 0.07998700
41.700000 0.08003387
41.800000 0.08287155
41.900000 0.08570923
42.000000 0.08854691
42.100000 0.09138459
42.200000 0.09422227
42.300000 0.09705995
42.400000 0.09989763
42.500000 0.10273531
42.600000 0.10557299
42.700000 0.10841067
42.800000 0.11124835
42.900000 0.11408603
43.000000 0.11692372
43.100000 0.11976140
43.200000 0.12259908
43.300000 0.12543676
43.400000 0.12827444
43.500000 0.13111212
43.600000 0.13394980
43.700000 0.13678748
43.800000 0.13962516
43.900000 0.14246284
44.000000 0.14530052
44.100000 0.14813820
44.200000 0.15097588
44.300000 0.15381356
44.400000 0.15665124
44.500000 0.15948892
44.600000 0.16232660
44.700000 0.16516428
44.800000 0.16800196
44.900000 0.17083964
45.000000 0.17367733
45.100000 0.17651501
45.200000 0.17935269
45.300000 0.18219037
45.400000 0.18502805
45.500000 0.18786573
45.600000 0.18989200
45.700000 0.19150931
45.800000 0.19312661
45.900000 0.19474391
46.000000 0.19636121
46.100000 0.19797851
46.200000 0.19959582
46.300000 0.20121312
46.400000 0.20283042
46.500000 0.20444772
46.600000 0.20606503
46.700000 0.20768233
46.800000 0.20929963
46.900000 0.21091693
47.000000 0.21253424
47.100000 0.21415154
47.200000 0.21576884
47.300000 0.21738614
47.400000 0.21900344
47.500000 0.22062075
47.600000 0.22223805
47.700000 0.22385535
47.800000 0.22547265
47.900000 0.22708996
48.000000 0.22870726
48.100000 0.23032456
48.200000 0.23194186
48.300000 0.23355916
48.400000 0.23517647
48.500000 0.23679377
48.600000 0.23841107
48.700000 0.24002837
48.800000 0.24164568
48.900000 0.24326298
49.000000 0.24488028
49.100000 0.24649758
49.200000 0.24811489
49.300000 0.24973219
49.400000 0.25134949
49.500000 0.25296679
49.600000 0.25458409
49.700000 0.25713988
49.800000 0.26002012
49.900000 0.26290035
50.000000 0.26578059
50.100000 0.26866082
50.200000 0.27154106
50.300000 0.27442129
50.400000 0.27730153
50.500000 0.28018176
50.600000 0.28306200
50.700000 0.28594223
50.800000 0.28882247
50.900000 0.29170270
51.000000 0.29458294
51.100000 0.29746317
51.200000 0.30034341
51.300000 0.30322364
51.400000 0.30610388
51.500000 0.30898411
51.600000 0.31186435
51.700000 0.31474458
51.800000 0.31762482
51.900000 0.32050505
52.000000 0.32338528
52.100000 0.32556886
52.200000 0.32770081
52.300000 0.32983275
52.400000 0.33196469
52.500000 0.33409663
52.600000 0.33622858
52.700000 0.33836052
52.800000 0.34049246
52.900000 0.34262441
53.000000 0.34475635
53.100000 0.34688829
53.200000 0.34902023
53.300000 0.35115218
53.400000 0.35328412
53.500000 0.35541606
53.600000 0.35754800
53.700000 0.35967995
53.800000 0.36181189
53.900000 0.36394383
54.000000 0.36607577
54.100000 0.36820772
54.200000 0.37033966
54.300000 0.37247160
54.400000 0.37460355
54.500000 0.37673549
54.600000 0.37886743
54.700000 0.38099937
54.800000 0.38313132
54.900000 0.38526326
55.000000 0.38068763
55.100000 0.35509330
55.200000 0.32949897
55.300000 0.30390464
55.400000 0.27831031
55.500000 0.25271598
55.600000 0.22712165
55.700000 0.20152732
55.800000 0.18056640
55.900000 0.18019740
56.000000 0.17982841
56.100000 0.17945941
56.200000 0.17909042
56.300000 0.17872142
56.400000 0.17835242
56.500000 0.17798343
56.600000 0.17761443
56.700000 0.17724544
56.800000 0.17687644
56.900000 0.17650745
57.000000 0.17613845
57.100000 0.17576946
57.200000 0.17540046
57.300000 0.17503146
57.400000 0.17466247
57.500000 0.17391214
57.600000 0.17138401
57.700000 0.16885588
57.800000 0.16632775
57.900000 0.16379962
58.000000 0.16127149
58.100000 0.15874336
58.200000 0.15621523
58.300000 0.15368710
58.400000 0.15115897
58.500000 0.14863084
58.600000 0.14610271
58.700000 0.14357458
58.800000 0.14104645
58.900000 0.13851832
59.000000 0.13599019
59.100000 0.13346206
59.200000 0.13093393
59.300000 0.12840580
59.400000 0.12587767
59.500000 0.12355815
59.600000 0.12136981
59.700000 0.11918146
59.800000 0.11699311
59.900000 0.11480476
60.000000 0.11261641
60.100000 0.11042807
60.200000 0.10928741
60.300000 0.10860917
60.400000 0.10793093
60.500000 0.10725268
60.600000 0.10657444
60.700000 0.10589620
60.800000 0.10521795
60.900000 0.10453971
61.000000 0.10386147
61.100000 0.10318322
61.200000 0.10250498
61.300000 0.10182674
61.400000 0.10114849
61.500000 0.10047025
61.600000 0.09979201
61.700000 0.09911376
61.800000 0.09951570
61.900000 0.10182721
62.000000 0.10413873
62.100000 0.10645024
62.200000 0.10876176
62.300000 0.11107327
62.400000 0.11338479
62.500000 0.11569630
62.600000 0.11800781
62.700000 0.12031933
62.800000 0.12263084
62.900000 0.12494236
63.000000 0.12725387
63.100000 0.12956539
63.200000 0.13187690
63.300000 0.13418841
63.400000 0.13649993
63.500000 0.13881144
63.600000 0.14112296
63.700000 0.14343447
63.800000 0.14574598
63.900000 0.14805750
64.000000 0.15031954
64.100000 0.14707694
64.200000 0.14383433
64.300000 0.14059173
64.400000 0.13734912
64.500000 0.13410652
64.600000 0.13086391
64.700000 0.12762131
64.800000 0.12437870
64.900000 0.12113609
65.000000 0.11789349
65.100000 0.11465088
65.200000 0.11140828
65.300000 0.10816567
65.400000 0.10492307
65.500000 0.10168046
65.600000 0.09843786
65.700000 0.09519525
65.800000 0.09195265
65.900000 0.08871004
66.000000 0.08546744
66.100000 0.08222483
66.200000 0.07898223
66.300000 0.07573962
66.400000 0.07261174
66.500000 0.06965809
66.600000 0.06772765
66.700000 0.07102941
66.800000 0.07433118
66.900000 0.07763295
67.000000 0.08093471
67.100000 0.08423648
67.200000 0.08753824
67.300000 0.09084001
67.400000 0.09414177
67.500000 0.09744354
67.600000 0.10074530
67.700000 0.10404707
67.800000 0.10734884
67.900000 0.11065060
68.000000 0.11395237
68.100000 0.11725413
68.200000 0.12055590
68.300000 0.12385766
68.400000 0.12715943
68.500000 0.13046119
68.600000 0.13376296
68.700000 0.13581303
68.800000 0.13451332
68.900000 0.13321361
69.000000 0.13191390
69.100000 0.13061419
69.200000 0.12931448
69.300000 0.12801477
69.400000 0.12671506
69.500000 0.12541535
69.600000 0.12411564
69.700000 0.12250722
69.800000 0.12082898
69.900000 0.11915075
70.000000 0.11747252
70.100000 0.11579429
70.200000 0.11411606
70.300000 0.11243783
70.400000 0.11075960
70.500000 0.10908136
70.600000 0.10740313
70.700000 0.10572490
70.800000 0.10404667
70.900000 0.10236844
71.000000 0.10069021
71.100000 0.09901198
71.200000 0.09733375
71.300000 0.09565551
71.400000 0.09397728
71.500000 0.09229905
71.600000 0.09062082
71.700000 0.08894259
71.800000 0.08726436
71.900000 0.08558613
72.000000 0.08390789
72.100000 0.08222966
72.200000 0.08055143
72.300000 0.07887320
72.400000 0.07719497
72.500000 0.07551674
72.600000 0.07383851
72.700000 0.07216027
72.800000 0.07048204
72.900000 0.06880381
73.000000 0.06712558
73.100000 0.06544735
73.200000 0.06376912
73.300000 0.06209089
73.400000 0.06041266
73.500000 0.05873442
73.600000 0.05705619
73.700000 0.05673391
73.800000 0.05670513
73.900000 0.05667635
74.000000 0.05664757
74.100000 0.05661879
74.200000 0.05659001
74.300000 0.05656123
74.400000 0.05653245
74.500000 0.05650367
74.600000 0.05647489
74.700000 0.05644610
74.800000 0.05641732
74.900000 0.05638854
75.000000 0.05635976
75.100000 0.05633098
75.200000 0.05630220
75.300000 0.05627342
75.400000 0.05624464
75.500000 0.05647147
75.600000 0.05695081
75.700000 0.05743015
75.800000 0.05790949
75.900000 0.05838883
76.000000 0.05886817
76.100000 0.05934752
76.200000 0.05982686
76.300000 0.06001250
76.400000 0.06008147
76.500000 0.06015044
76.600000 0.06021940
76.700000 0.06028837
76.800000 0.06035734
76.900000 0.06042630
77.000000 0.06049527
77.100000 0.06056424
77.200000 0.06063320
77.300000 0.06070217
77.400000 0.06077114
77.500000 0.06084010
77.600000 0.06090907
77.700000 0.06097804
77.800000 0.06104700
77.900000 0.06111597
78.000000 0.06118494
78.100000 0.06125390
78.200000 0.06132287
78.300000 0.06139184
78.400000 0.06146080
78.500000 0.06152977
78.600000 0.06159874
78.700000 0.06166771
78.800000 0.06173667
78.900000 0.06180564
79.000000 0.06187461
79.100000 0.06194357
79.200000 0.06201254
79.300000 0.06208151
79.400000 0.06215047
79.500000 0.06221944
79.600000 0.06228841
79.700000 0.06235737
79.800000 0.06242634
79.900000 0.06249531
80.000000 0.06256427
80.100000 0.06263324
80.200000 0.06270221
80.300000 0.06277117
80.400000 0.06284014
80.500000 0.06290911
80.600000 0.06297807
80.700000 0.06304704
80.800000 0.06311601
80.900000 0.06318498
81.000000 0.06325394
81.100000 0.06332291
81.200000 0.06339188
81.300000 0.06346084
81.400000 0.06352981
81.500000 0.06359878
81.600000 0.06366774
81.700000 0.06373671
81.800000 0.06380568
81.900000 0.06387464
82.000000 0.06394361
82.100000 0.06401258
82.200000 0.06408154
82.300000 0.06415051
82.400000 0.06424332
82.500000 0.06442439
82.600000 0.06460546
82.700000 0.06478653
82.800000 0.06496760
82.900000 0.06514867
83.000000 0.06532585
83.100000 0.06549396
83.200000 0.06566208
83.300000 0.06583019
83.400000 0.06599831
83.500000 0.06616642
83.600000 0.06633454
83.700000 0.06650266
83.800000 0.06667077
83.900000 0.06683889
84.000000 0.06700700
84.100000 0.06717512
84.200000 0.06734323
84.300000 0.06751135
84.400000 0.06767946
84.500000 0.06784758
84.600000 0.06801569
84.700000 0.06818381
84.800000 0.06835192
84.900000 0.06852004
85.000000 0.06868815
85.100000 0.06885627
85.200000 0.06902438
85.300000 0.06919250
85.400000 0.06936062
85.500000 0.06952873
85.600000 0.06969685
85.700000 0.06986496
85.800000 0.07003308
85.900000 0.07020119
86.000000 0.07036931
86.100000 0.07053742
86.200000 0.07070554
86.300000 0.07087365
86.400000 0.07104177
86.500000 0.07120988
86.600000 0.07137800
86.700000 0.07154611
86.800000 0.07171423
86.900000 0.07188235
87.000000 0.07205046
87.100000 0.07221858
87.200000 0.07238669
87.300000 0.07259357
87.400000 0.07280250
87.500000 0.07301143
87.600000 0.07350877
87.700000 0.07471901
87.800000 0.07592925
87.900000 0.07713950
88.000000 0.07771978
88.100000 0.07695161
88.200000 0.07618344
88.300000 0.07541526
88.400000 0.07464709
88.500000 0.07387892
88.600000 0.07311075
88.700000 0.07234258
88.800000 0.07157441
88.900000 0.07080623
89.000000 0.07003806
89.100000 0.06926989
89.200000 0.06850172
89.300000 0.06773355
89.400000 0.06696538
89.500000 0.06619720
89.600000 0.06542903
89.700000 0.06466086
89.800000 0.06389269
89.900000 0.06312452
90.000000 0.06235634
90.100000 0.06158817
90.200000 0.06082000
90.300000 0.06005183
90.400000 0.05928366
90.500000 0.05851549
90.600000 0.05774731
90.700000 0.06027535
90.800000 0.06368524
90.900000 0.06709513
91.000000 0.07050502
91.100000 0.07243705
91.200000 0.07247673
91.300000 0.07251641
91.400000 0.07255609
91.500000 0.07259577
91.600000 0.07263544
91.700000 0.07267512
91.800000 0.07271480
91.900000 0.07275448
92.000000 0.07279416
92.100000 0.07283384
92.200000 0.07287352
92.300000 0.07291320
92.400000 0.07295288
92.500000 0.07299256
92.600000 0.07303224
92.700000 0.07307191
92.800000 0.07311159
92.900000 0.07315127
93.000000 0.07319095
93.100000 0.07323063
93.200000 0.07327031
93.300000 0.07330999
93.400000 0.07334967
93.500000 0.07338935
93.600000 0.07320166
93.700000 0.07294443
93.800000 0.07268721
93.900000 0.07242999
94.000000 0.07217276
94.100000 0.07191554
94.200000 0.07165832
94.300000 0.07140109
94.400000 0.07114387
94.500000 0.07088665
94.600000 0.07062943
94.700000 0.07037220
94.800000 0.07011498
94.900000 0.06985776
95.000000 0.06960053
95.100000 0.06934331
95.200000 0.06908609
95.300000 0.06882886
95.400000 0.06857164
95.500000 0.06831442
95.600000 0.06805720
95.700000 0.06779997
95.800000 0.06755160
95.900000 0.06753226
96.000000 0.06751292
96.100000 0.06749358
96.200000 0.06747424
96.300000 0.06745490
96.400000 0.06743556
96.500000 0.06741622
96.600000 0.06739688
96.700000 0.06737754
96.800000 0.06735820
96.900000 0.06733886
97.000000 0.06731952
97.100000 0.06730018
97.200000 0.06728084
97.300000 0.06726150
97.400000 0.06724216
97.500000 0.06722282
97.600000 0.06720348
97.700000 0.06718414
97.800000 0.06716480
97.900000 0.06714546
98.000000 0.06712613
98.100000 0.06710679
98.200000 0.06708745
98.300000 0.06706811
98.400000 0.06704877
98.500000 0.06702943
98.600000 0.06701009
98.700000 0.06699075
98.800000 0.06697141
98.900000 0.06695207
99.000000 0.06693273
99.100000 0.06691339
99.200000 0.06689405
99.300000 0.06687471
99.400000 0.06685537
99.500000 0.06683603
99.600000 0.06681669
99.700000 0.06678864
99.800000 0.06675997
99.900000 0.06673129
100.000000 0.06670262
100.100000 0.06667395
100.200000 0.06664527
100.300000 0.06661660
100.400000 0.06658793
100.500000 0.06655926
100.600000 0.06653058
100.700000 0.06650191
100.800000 0.06647324
100.900000 0.06644456
101.000000 0.06641589
101.100000 0.06638722
101.200000 0.06635855
101.300000 0.06632987
101.400000 0.06630120
101.500000 0.06627253
101.600000 0.06624385
101.700000 0.06621518
101.800000 0.06618651
101.900000 0.06615783
102.000000 0.06612916
102.100000 0.06610049
102.200000 0.06607182
102.300000 0.06604314
102.400000 0.06601447
102.500000 0.06598580
102.600000 0.06595712
102.700000 0.06592845
102.800000 0.06589978
102.900000 0.06587110
103.000000 0.06584243
103.100000 0.06581376
103.200000 0.06578509
103.300000 0.06575641
103.400000 0.06572774
103.500000 0.06569907
103.600000 0.06567039
103.700000 0.06564172
103.800000 0.06561305
103.900000 0.06558438
104.000000 0.06555570
104.100000 0.06552703
104.200000 0.06549836
104.300000 0.06546968
104.400000 0.06544101
104.500000 0.06541234
104.600000 0.06538366
104.700000 0.06535499
104.800000 0.06532632
104.900000 0.06529765
105.000000 0.06526897
105.100000 0.06524030
105.200000 0.06521163
105.300000 0.06518295
105.400000 0.06515428
105.500000 0.06512561
105.600000 0.06509694
105.700000 0.06506826
105.800000 0.06503959
105.900000 0.06501092
106.000000 0.06498224
106.100000 0.06495357
106.200000 0.06492490
106.300000 0.06489622
106.400000 0.06486755
106.500000 0.06483888
106.600000 0.06481021
106.700000 0.06478153
106.800000 0.06475286
106.900000 0.06472419
107.000000 0.06469551
107.100000 0.06466684
107.200000 0.06463817
107.300000 0.06460949
107.400000 0.06458082
107.500000 0.06455215
107.600000 0.06452348
107.700000 0.06449480
107.800000 0.06446613
107.900000 0.06443746
108.000000 0.06440878
108.100000 0.06438011
108.200000 0.06435144
108.300000 0.06432277
108.400000 0.06429409
108.500000 0.06426542
108.600000 0.06423675
108.700000 0.06420807
108.800000 0.06417940
108.900000 0.06415073
109.000000 0.06412205
109.100000 0.06409338
109.200000 0.06406471
109.300000 0.06403604
109.400000 0.06400736
109.500000 0.06397869
109.600000 0.06395002
109.700000 0.06392134
109.800000 0.06389267
109.900000 0.06386400
110.000000 0.06383532
110.100000 0.06380665
110.200000 0.06377798
110.300000 0.06374931
110.400000 0.06372063
110.500000 0.06369196
110.600000 0.06366329
110.700000 0.06363461
110.800000 0.06360594
110.900000 0.06357727
111.000000 0.06354860
111.100000 0.06351992
111.200000 0.06346290
111.300000 0.06336431
111.400000 0.06326572
111.500000 0.06316714
111.600000 0.06306855
111.700000 0.06296997
111.800000 0.06287138
111.900000 0.06277280
112.000000 0.06267421
112.100000 0.06257562
112.200000 0.06247704
112.300000 0.06237845
112.400000 0.06227987
112.500000 0.06218128
112.600000 0.06208270
112.700000 0.06198411
112.800000 0.06188552
112.900000 0.06178694
113.000000 0.06168835
113.100000 0.06158977
113.200000 0.06149118
113.300000 0.06139260
113.400000 0.06129401
113.500000 0.06119542
113.600000 0.06109684
113.700000 0.06099825
113.800000 0.06089967
113.900000 0.06080108
114.000000 0.06070250
114.100000 0.06060391
114.200000 0.06050533
114.300000 0.06040674
114.400000 0.06030815
114.500000 0.06020957
114.600000 0.06011098
114.700000 0.06001240
114.800000 0.05991381
114.900000 0.05981523
115.000000 0.05971664
115.100000 0.05961805
115.200000 0.05951947
115.300000 0.05942088
115.400000 0.05932230
115.500000 0.05922371
115.600000 0.05912513
115.700000 0.05902654
115.800000 0.05892795
115.900000 0.05882937
116.000000 0.05878683
116.100000 0.05927238
116.200000 0.05975794
116.300000 0.06024349
116.400000 0.06072905
116.500000 0.06121461
116.600000 0.06170016
116.700000 0.06218572
116.800000 0.06267127
116.900000 0.06315683
117.000000 0.06364238
117.100000 0.06412794
117.200000 0.06461350
117.300000 0.06509905
117.400000 0.06558461
117.500000 0.06607016
117.600000 0.06655572
117.700000 0.06704127
117.800000 0.06752683
117.900000 0.06801239
118.000000 0.06849794
118.100000 0.06898350
118.200000 0.06946905
118.300000 0.06995461
118.400000 0.07044017
118.500000 0.07092572
118.600000 0.07141128
118.700000 0.07067818
118.800000 0.06595989
118.900000 0.06124160
119.000000 0.05652330
119.100000 0.05180501
119.200000 0.04708672
119.300000 0.04236843
119.400000 0.03765014
119.500000 0.03293185
119.600000 0.02821356
119.700000 0.02349526
119.800000 0.01877697
119.900000 0.01046238
